a.asc
NCOLS 265 
NROWS 340 
XLLCORNER -3110163.8955 
YLLCORNER -3147031.214 
CELLSIZE 25000 
NODATA_value -9999 
[rows 52 to 77 of 340, columns 116 to 173 of 265]
286.7833776474 142.838101863861 100.695077896118 98.8204870223999 101.708639144897 103.739071846008 95.0190405845642 117.789525032043 100.258969306946 150.995296001434 122.349994182587 129.41702413559 163.683567047119 138.691264629364 91.8349194526672 111.288946151733 103.134388923645 168.16011428833 166.440526008606 152.365726470947 187.1795129776 213.825307846069 344.205108642578 442.270441055298 344.879470825195 311.68253326416 276.222853660583 215.689379692078 162.832953453064 171.450197219849 152.495482444763 188.495420455933 146.908339500427 145.90814781189 157.53804397583 153.683772087097 154.208748817444 153.080375671387 218.127722740173 198.966547012329 179.632385253906 214.534657478333 112.35608291626 89.4260501861572 87.3292827606201 90.1694264411926 51.8022027015686 63.9759998321533 17.7453510165215 5.06926420331001 -9999 -9999 -9999 -9999 -9999 -9999 -9999 -9999
138.496597290039 119.496260643005 97.307149887085 96.2162351608277 92.0462102890015 93.6806087493896 91.9783878326416 101.41223859787 140.643902301788 199.406197547913 241.712032318115 210.277586936951 307.279411315918 215.869547843933 109.366397857666 180.043145179749 112.430006504059 187.907328605652 230.126994132996 206.957663536072 199.683025360107 194.13433265686 299.406860351562 285.629688262939 300.389507293701 295.830953598022 351.728685379028 232.628476142883 184.091401100159 224.989568710327 200.748881340027 183.199859619141 169.275710105896 205.289034843445 229.338176727295 202.814922332764 224.374105453491 206.129990577698 274.514102935791 209.678648948669 237.789973258972 173.722625732422 131.84096622467 107.463504314423 102.152427196503 87.9506845474243 38.8141958713531 91.6212198734283 55.8868328332901 6.19365859031677 -9999 -9999 -9999 -9999 -9999 -9999 -9999 -9999
253.914826393127 185.031457901001 114.719216823578 98.7250576019287 95.6933970451355 87.3856258392334 89.1377158164978 132.439075946808 136.098023414612 200.272498130798 279.601714134216 329.769921302795 329.947059631348 185.200794219971 170.106068611145 215.437415122986 126.850439548492 200.233968734741 201.892918586731 198.266280174255 210.981731414795 189.966270446777 219.265633583069 228.597743034363 295.179067611694 411.528820037842 404.628849029541 296.076044082642 201.489545822144 191.596994400024 202.229759216309 221.084730148315 255.610045433044 320.38069152832 208.50284576416 196.315081596375 117.53440284729 144.562422275543 179.14852809906 258.953783035278 313.714023590088 290.455194473267 181.896677017212 115.823726177216 88.5293173789978 47.6860864162445 57.0853488445282 110.31711435318 82.0398411750793 21.0389060378075 -9999 -9999 -9999 -9999 -9999 -9999 -9999 -9999
189.326963424683 110.297400474548 100.923163890839 90.1188578605652 86.2766141891479 84.808219909668 100.455441951752 175.690409660339 163.111074447632 201.627879142761 193.805329322815 216.809241294861 306.413124084473 233.268119812012 190.374724388123 186.622333526611 155.135908126831 199.60054397583 200.165102005005 205.258312225342 210.069927215576 201.533268928528 236.910437583923 361.147930145264 302.521310806274 369.945589065552 363.682355880737 285.035575866699 234.040392875671 221.612500190735 287.271398544312 318.1058177948 310.089193344116 271.431255340576 236.150851249695 188.254215240479 160.648140907288 180.002318382263 231.866035461426 269.667501449585 415.858196258545 335.540645599365 145.582976341248 106.008037567139 55.5243995189667 53.8272743225098 80.7323093414307 101.354918956757 90.8959631919861 47.8321766853333 3.20728130638599 -9999 -9999 -9999 -9999 -9999 -9999 -9999
146.396386623383 106.331790447235 100.637299537659 94.899178981781 84.8235402107239 95.7659478187561 106.897449016571 154.399794578552 177.241230964661 198.522297859192 187.963838577271 270.879320144653 317.595367431641 230.241345405579 214.517292976379 187.563345909119 162.269674301147 203.093523025513 201.353359222412 223.445840835571 212.870903015137 209.632437705994 266.017337799072 328.424583435059 398.918682098389 527.841100692749 601.771556854248 336.497468948364 294.549604415894 277.36190032959 317.177856445312 363.34125328064 295.064767837524 286.554574966431 277.510076522827 220.546787261963 194.822395324707 185.205569267273 245.671962738037 312.708909988403 338.498510360718 225.850110054016 182.480408668518 97.0364408493042 79.4647841453552 127.458003044128 154.952238082886 116.756383895874 67.9266290664673 21.5680611133575 2.07205104082823 -9999 -9999 -9999 -9999 -9999 -9999 -9999
167.914875984192 229.371417999268 178.730927467346 90.9338412284851 91.4900856018066 154.09633731842 288.480723381042 240.748573303223 178.889865875244 192.280893325806 238.359427452087 330.805732727051 222.469867706299 247.612407684326 278.230604171753 198.251012802124 206.858134269714 239.631358146667 248.922151565552 285.744016647339 242.107011795044 259.1303358078 239.873934745789 264.12572479248 369.530242919922 473.521398544312 510.86434173584 367.634876251221 415.539600372314 314.71301651001 329.156147003174 455.502643585205 405.135004043579 415.999607086182 312.810358047485 257.74750995636 175.677053451538 203.189485549927 197.955679893494 249.801923751831 222.65098285675 201.815024375916 159.508995056152 96.3261504173279 97.9732894897461 116.560581684113 143.134739875793 152.873837471008 94.0058126449585 33.4821418523788 3.20983044803143 -9999 -9999 -9999 -9999 -9999 -9999 -9999
139.037113666534 115.698323249817 103.857624530792 89.5457348823547 188.956652641296 149.061789035797 263.835418701172 438.819181442261 217.797424316406 195.185984611511 239.250679016113 319.441108703613 268.632729530334 309.722648620605 220.603041648865 237.540493011475 262.664880752563 292.732021331787 292.659484863281 275.885843276978 260.766030311584 295.756635665894 271.410665512085 304.102470397949 351.201932907104 452.498615264893 482.978340148926 397.794466018677 466.68406867981 398.124589920044 396.21021270752 401.294683456421 358.742036819458 360.79891204834 299.944032669067 230.512382507324 215.242245674133 236.486800193787 216.657104492188 339.950510978699 277.212798118591 193.783543586731 97.6746287345886 100.067844390869 175.332990646362 225.908933639526 224.631572723389 206.69505405426 108.902802944183 42.2099217176437 6.41580040752888 1.03830361366272 -9999 -9999 -9999 -9999 -9999 -9999
143.542303562164 96.7094187736511 82.1083254814148 80.0453271865845 175.292263031006 189.461264610291 193.668456077576 253.436157226562 247.597816467285 195.051332473755 331.7672996521 370.334072113037 392.714971542358 389.527099609375 299.180812835693 279.522465705872 352.866952896118 317.071889877319 301.156776428223 305.132736206055 319.813882827759 347.722618103027 340.685976028442 295.857025146484 307.714529037476 352.763753890991 363.606990814209 372.146001815796 373.949203491211 387.396432876587 316.181509017944 304.014785766602 301.178480148315 295.191856384277 298.643592834473 294.824735641479 262.777982711792 205.804441452026 204.568564414978 328.870107650757 297.02172088623 176.612952232361 155.383054256439 225.062225341797 285.34553527832 207.246208190918 256.745610237122 214.704480171204 106.908794403076 42.3082222938538 13.9299418032169 1.28922004252672 -9999 -9999 -9999 -9999 -9999 -9999
544.378674507141 85.0893535614014 68.9204111099243 80.2693767547607 127.58646440506 150.884414672852 172.02571105957 236.13752746582 286.786106109619 298.923446655273 377.010349273682 433.780261993408 490.295282363892 480.724296569824 424.397607803345 395.592374801636 431.368242263794 368.502849578857 330.692264556885 500.725534439087 585.751195907593 350.596120834351 323.575038909912 290.158624649048 349.969718933105 318.226976394653 326.77402305603 381.727119445801 325.19669342041 371.097249984741 315.555368423462 300 296.779769897461 280.036273956299 259.418358802795 278.351767539978 266.346536636353 203.659689903259 235.578119277954 362.577003479004 452.45205116272 295.12783241272 318.065761566162 376.434421539307 325.200097084045 199.894163131714 208.249176979065 260.112236976624 192.223508834839 102.873854637146 26.1958949565887 2.4919465854764 1 1 -9999 -9999 -9999 -9999
129.261228084564 55.1392211914062 59.7873358726501 84.0382552146912 103.737749576569 164.020455360413 198.525270462036 261.39145565033 283.337606430054 220.908796310425 304.204526901245 669.402057647705 581.682079315186 553.375717163086 542.207035064697 518.948865890503 297.908831596375 363.642255783081 218.163932800293 245.995830535889 238.542125701904 289.934091567993 267.119130134583 288.823745727539 301.265537261963 299.40033531189 287.410173416138 305.989868164062 288.525236129761 305.730602264404 302.668739318848 300 298.653305053711 284.006679534912 261.426597595215 223.009762763977 203.465926170349 200.124141693115 222.554069519043 319.60350227356 315.074432373047 321.10941696167 380.965372085571 310.144054412842 214.975126266479 138.53701210022 162.637692451477 183.510952949524 172.836599349976 136.255166530609 51.8980141878128 8.6833758354187 1 1 -9999 -9999 -9999 -9999
108.511008739471 49.7956006526947 60.3082659244537 84.9851393699646 101.898841381073 151.241526603699 186.249898910522 255.915019035339 265.917172431946 195.75316619873 297.362417221069 627.40983581543 520.95874786377 600 566.793655395508 398.399047851562 224.521710395813 250.919920921326 280.002187728882 217.817678451538 223.013975143433 199.383983612061 215.754850387573 294.706853866577 294.920812606812 302.816791534424 297.523540496826 302.471073150635 292.085699081421 287.37554359436 299.79314994812 298.971626281738 297.582246780396 297.947868347168 298.833890914917 273.165502548218 196.81129360199 185.629426956177 228.967088699341 232.109254837036 297.312719345093 279.85520362854 253.043746948242 205.291694641113 151.305217266083 101.793662071228 109.262018680573 123.791453361511 139.453197479248 119.422646522522 61.5958504676819 18.5014181137085 3.48838449269533 1.06741477549076 -9999 -9999 -9999 -9999
56.2045114040375 49.2240741252899 65.982935667038 76.925940990448 91.9761972427368 97.409031867981 113.534205436707 127.064817905426 123.710597038269 115.482556343079 254.912129402161 282.069673538208 333.630859375 468.424217224121 326.865556716919 259.377507209778 304.578609466553 284.510807037354 286.687114715576 285.204998016357 298.659120559692 197.560683250427 245.544358253479 300.262630462646 283.242879867554 274.429611206055 299.083419799805 263.474547386169 254.745163917542 286.320960998535 299.813789367676 297.987770080566 273.97935295105 292.762275695801 282.06565284729 264.515634536743 254.258562088013 208.181550979614 185.191914558411 204.040657043457 261.959132194519 189.583715438843 134.867635726929 113.007570266724 116.468592166901 146.590766906738 106.318416118622 98.6307744979858 97.6583113670349 80.719753742218 42.449747800827 29.0072464942932 11.9740091562271 1.28173822164536 1 -9999 -9999 -9999
46.7347843647003 52.8201336860657 68.1896786689758 83.7441434860229 98.3676013946533 104.289025783539 123.026841640472 199.456400871277 196.081008911133 266.619835853577 213.942573547363 311.014259338379 352.387439727783 288.403297424316 362.863716125488 304.302704811096 219.867609024048 277.777202606201 269.505696296692 204.413084983826 251.509666442871 249.299878120422 183.972718238831 275.297276496887 286.995792388916 237.043984413147 274.970651626587 236.099806785583 244.46711063385 297.082660675049 286.403219223022 298.188362121582 255.277698516846 288.463798522949 295.25461769104 295.311206817627 250.065566062927 208.880546569824 200.907907485962 185.935158729553 201.189021110535 125.421896457672 100.36297750473 106.451295852661 108.893399715424 113.968158721924 153.028085708618 92.1816592216492 88.5994584560394 46.0037076473236 29.7709640264511 15.7741706967354 7.63802269101143 1.3767114430666 1 -9999 -9999 -9999
47.4832730293274 60.8542313575745 81.4796004295349 96.8271656036377 101.336724281311 124.212952136993 131.022312641144 173.624693870544 179.543878555298 195.750616073608 215.020313262939 210.128949165344 208.420474052429 200 193.723969459534 275.166398048401 267.296832084656 216.263933181763 199.625687599182 197.710297584534 198.311100959778 200.025586128235 178.942573547363 196.07591342926 222.488970756531 220.16219997406 204.126695632935 283.249941825867 294.124032974243 265.988214492798 246.693726539612 314.36287689209 231.333528518677 220.385401725769 230.848712921143 256.867341995239 250.520433425903 203.143856048584 201.021451950073 153.683724403381 175.536967277527 197.528974533081 155.340364933014 160.386913299561 101.228693008423 121.528090000153 92.2556090354919 58.5948815345764 43.8544402122498 25.5514789819717 19.6828428506851 14.0442652106285 5.02389320731163 1.12505973875523 1 -9999 -9999 -9999
54.1287128925323 60.1944546699524 78.5731272697449 87.8304467201233 93.2034106254578 98.5241837501526 107.614196777344 145.667422771454 197.332334518433 186.082097053528 198.8063621521 236.215599060059 200.990237236023 201.776748657227 188.480010032654 133.181555747986 129.153694629669 237.786318778992 224.13009262085 200.071182250977 200.270609855652 195.29465007782 165.28643321991 189.567463874817 207.096157073975 202.825239181519 193.737497329712 279.384784698486 262.483955383301 232.250745773315 351.932258605957 327.549411773682 272.781441688538 238.417151451111 204.290459632874 196.411799430847 201.55480670929 200.569537162781 199.224234580994 194.075741767883 211.237800598145 183.408428192139 236.127069473267 193.503832817078 99.9048328399658 98.7605900764465 88.3889193534851 69.5735778808594 37.2420941591263 16.9858378767967 10.0759356915951 7.26021379232407 1.5647355094552 1 1 -9999 -9999 -9999
53.3591823577881 57.3896887302399 71.5156388282776 82.261203289032 92.7535448074341 100.529204368591 112.906464099884 183.993748664856 223.63087272644 199.407629013062 200.143962860107 279.301656723022 216.409504890442 198.093982696533 160.699009895325 172.499569892883 137.30238199234 207.056646347046 210.638515472412 221.236992835999 217.94393825531 199.454378128052 178.84169960022 229.324346542358 261.379636764526 254.29998588562 281.4622631073 257.013803482056 338.062652587891 353.522653579712 276.08177280426 384.853979110718 439.29681968689 393.757886886597 310.049444198608 223.341328620911 199.133080482483 199.466338157654 186.013387680054 183.673624992371 142.667435646057 157.809407234192 175.709316253662 210.831839561462 187.749376296997 115.049447059631 101.297407150269 67.6868410110474 26.4540256261826 8.65099480748177 1.57312156260014 2.96297457814217 1.56481868028641 1 -9999 -9999 -9999 -9999
51.4412808418274 57.0694983005524 68.5782399177551 81.8804240226746 98.8179726600647 100.836395740509 138.502686500549 167.77712059021 185.874108314514 185.922776222229 199.977155685425 213.005102157593 209.465754508972 197.697257995605 198.07298374176 234.292100906372 200.353867530823 215.057772636414 279.698833465576 262.393653869629 222.99146938324 269.897821426392 225.770015716553 213.65239906311 252.146597862244 296.296718597412 264.765965461731 292.981021881104 319.427701950073 256.131984710693 325.752910614014 349.740139007568 324.708169937134 322.768964767456 303.327945709229 249.923563957214 199.887487411499 213.098844528198 236.844371795654 201.306714057922 182.976488113403 120.727400302887 177.442648887634 197.222428321838 121.497102737427 93.3095307350159 83.0913398265839 40.0989098548889 10.0309692323208 2.54561235010624 1 1 1 1 1 1 -9999 -9999
47.8106129169464 54.9692022800446 63.5113427639008 75.9238476753235 98.1403393745422 100.025185585022 106.62660074234 114.203305244446 141.872587203979 175.159650802612 198.16644859314 154.14333152771 154.141392707825 127.532390117645 145.697031974792 199.767972946167 209.565996170044 179.054172992706 268.205335617065 239.792456626892 207.337565422058 250.661255836487 188.365976333618 192.359816551208 242.472075462341 272.722133636475 237.441345214844 297.194664001465 260.770264625549 365.528858184814 302.714181900024 369.432016372681 336.30979347229 289.019771575928 295.415128707886 236.136989593506 196.170985221863 241.845600128174 272.677892684937 209.032509803772 187.817954063416 159.159118652344 188.755582809448 307.432597160339 216.235163211823 171.606309890747 61.7005846500397 22.9394487142563 2.35676383972168 1.27474175393581 1 1 1 1 1 1 1 -9999
45.9112830162048 52.0561513900757 60.587278842926 71.4916319847107 90.3524956703186 99.9223012924194 99.3140859603882 99.1376566886902 99.8662171363831 106.220452308655 139.826736450195 124.145349979401 105.051909446716 98.7653212547302 112.108747005463 166.914728164673 100.277812004089 116.981267929077 235.905666351318 197.837266921997 198.809145927429 222.263198852539 170.970161437988 202.192154884338 273.652338027954 240.381004333496 345.070381164551 295.068508148193 272.01896572113 361.723526000977 379.394269943237 455.545658111572 406.603307723999 254.111937522888 287.189405441284 244.314992904663 188.869002342224 212.905426025391 258.455376625061 279.701404571533 292.452585220337 188.983773231506 270.579893112183 268.909302711487 234.864863395691 194.582079410553 66.1098079681396 6.47575961053371 1.07443109899759 1 1 1 1 1 1 1 1 1.01450505107641
45.6434557437897 56.4434084892273 80.5757894515991 95.8767147064209 90.1992750167847 98.6931490898132 92.3203206062317 98.5883588790894 99.8864331245422 96.3185029029846 108.226839542389 106.841201305389 92.4695172309875 97.935507774353 98.8856272697449 99.7658662796021 100.211932182312 94.7263479232788 101.954403400421 182.13547039032 184.643547058105 185.320210456848 153.383211135864 268.025587081909 267.422191619873 170.543872833252 287.254189491272 375.773979187012 262.237193107605 367.501045227051 378.270299911499 371.411014556885 341.451494216919 220.110958099365 257.059356689453 279.735481262207 214.661021232605 213.259492874146 216.07772064209 291.384265899658 353.214950561523 298.612977981567 160.937191009521 212.581666946411 94.0218205451965 56.1441335678101 29.1452758312225 1.50134107470512 1 1 1 1 1 1 1.00481237471104 1.18570562452078 1.52365660667419 2.64198689162731
43.1739511489868 54.6236889362335 81.6459999084473 94.6371383666992 99.1265339851379 100.259014129639 98.372401714325 99.5454635620117 99.7586717605591 97.4647665023804 99.7055201530457 99.6912846565247 98.317937374115 96.3601517677307 97.0329985618591 88.1937823295593 98.3733458518982 123.872943878174 112.006183624268 108.089984893799 102.559673786163 102.910483837128 182.887581348419 158.293653488159 155.740369796753 181.367363929749 135.855341434479 313.065522193909 282.713899612427 293.980173110962 236.931054115295 215.074254989624 202.181599617004 247.459959983826 198.620938301086 283.158126831055 279.704154968262 300.50456237793 241.797183513641 182.242252826691 273.624148368835 217.461180686951 104.359782218933 166.51201581955 75.6535177230835 19.7934256196022 1.06802235543728 1 1 1 1 1 1 1.15719526261091 1.26966708153486 1.47708408534527 4.39202658832073 7.00329607725143
38.5114011764526 50.0442345142365 75.8748397827148 93.1083817481995 100.217508792877 97.9265565872192 95.7616024017334 92.5225019454956 94.1534085273743 96.1026048660278 97.1179099082947 100.688366413116 99.2170867919922 95.2148394584656 90.6640195846557 83.2165369987488 96.4298677444458 102.599162578583 89.6270756721497 68.056743144989 41.0429036617279 40.3655438423157 51.6811354160309 66.7408094406128 67.2087182998657 80.6647119522095 87.7177639007568 189.743782043457 260.355889320374 154.569226264954 198.112211227417 250.020676612854 216.35274887085 210.749093055725 272.774233818054 328.411041259766 344.44492149353 279.108448028564 157.425901889801 104.942252635956 167.081576347351 193.026794433594 96.5135936737061 85.9825930595398 56.9550070762634 6.90776151418686 1.64304804801941 1 1 1 1 1.11240970343351 1.33313067257404 1.59902781993151 3.61639550328255 6.18050071597099 7.53997945785523 10.2514910101891
36.6261131763458 39.7218635082245 59.0892136096954 80.6232485771179 95.5635743141174 99.1938157081604 99.7841973304749 98.2186527252197 88.2343373298645 78.0046710968018 99.591854095459 98.6800308227539 99.8043026924133 93.3654818534851 88.9537019729614 59.9881136417389 75.0048713684082 85.9030232429504 89.8607330322266 72.2193260192871 60.1400926113129 66.8357925415039 74.9585862159729 67.9223606586456 49.9062716960907 39.0281702280045 32.4857778549194 128.883279561996 149.076859951019 100.964695453644 152.154655456543 225.655221939087 276.416303634644 275.142097473145 287.963241577148 289.83984375 241.52613735199 222.44212436676 193.25465965271 76.4353151321411 79.4607467651367 121.208024024963 72.9648425579071 24.2887729108334 11.7778858095407 2.19216597825289 2.73593704402447 1 1 1 1.08134730160236 2.69550728797913 4.42585867643356 5.45447915792465 5.503278195858 5.40673127770424 5.24488458037376 7.38517433404922
35.1646180152893 35.8865115642548 47.0256018638611 60.9559967517853 75.8700952529907 97.4840035438538 96.8200583457947 99.5187554359436 97.7694520950317 80.842481136322 79.7702450752258 114.41556596756 104.654838562012 100.626518726349 93.3119626045227 40.1152639389038 27.1773842573166 57.0675880908966 74.1377596855164 64.2499928474426 59.6326501369476 67.4711637496948 90.002317905426 92.5214185714722 87.300190448761 82.3262541294098 21.9922780990601 65.8474624156952 89.7462153434753 98.0579395294189 105.819364547729 155.874581336975 195.237121582031 175.910501480103 142.442429065704 274.73415184021 220.204027175903 89.6346988677979 85.7583069801331 98.1456689834595 41.2094798088074 13.1899587959051 10.1674956232309 3.47131496667862 3.00952450186014 1.18861857056618 4.23417532444 1 1.06042853742838 1.12753324955702 4.33519411087036 4.74556724727154 4.38197609782219 4.88885369896889 3.31437166035175 3.1564058214426 2.94983381032944 3.60169124603272
34 33.5457274913788 34.5546234846115 45.1170547008514 68.2419395446777 89.6146759986877 96.0450110435486 105.784388542175 107.075140476227 112.004800796509 105.948313713074 102.693172931671 99.5783181190491 94.3923149108887 92.5903906822205 74.3729343414307 57.9532132148743 78.3087439537048 94.8393425941467 92.6947321891785 93.0012216567993 70.3341240882874 56.619677066803 52.1684374809265 51.1345436573029 18.4374545812607 12.6528895497322 12.2062523365021 60.9390677213669 127.726747989655 69.3857364654541 83.9162199497223 99.1656837463379 102.822674274445 178.850235939026 111.483516693115 61.6800382137299 20.308377623558 17.0333050489426 11.935786485672 8.03720590472221 7.09759595990181 10.3010483384132 15.1417321562767 3.58676049113274 2.11737169325352 1.53145007044077 1 1.90075853466988 2.5545875877142 2.00406681001186 2.80770801007748 2.09086671471596 1.71569415181875 1 1 1 1
33.2528424263 31.5213681459427 24.350264787674 35.9015696048737 66.7319614887238 92.4777450561523 96.5833892822266 102.380825519562 99.9675850868225 94.6938247680664 106.485732078552 100.769675731659 54.1229047775269 49.7527806758881 48.9465951919556 48.0796422958374 87.4962153434753 69.0762355327606 100.520607948303 98.8699507713318 99.2968468666077 91.1562695503235 41.8415322303772 20.1451126337051 17.821059346199 12.3276572823524 12.2330530881882 20.0752584934235 19.0776926279068 30.7038689851761 25.0878968238831 32.3613528013229 32.2627059221268 36.4956678152084 73.2339944839478 25.784165263176 25.2719187140465 32.0815960168839 43.5049563646317 46.778798699379 52.3783390522003 50.4235693216324 16.6832448840141 10.325671672821 3.74420362710953 1.73318110406399 1.00135201215744 1 1.15903607755899 1.17655798792839 1.0478668436408 1.17199930548668 1.0498615950346 1 1 1 1 1
