a.asc
NCOLS 265 
NROWS 340 
XLLCORNER -3110163.8955 
YLLCORNER -3147031.214 
CELLSIZE 25000 
NODATA_value -9999 
[rows 78 to 103 of 340, columns 174 to 231 of 265]
36.0886564254761 43.02791929245 70.3256614208221 60.5857532024384 44.1826031208038 32.7053645849228 43.4950320720673 46.644823551178 47.8930568695068 45.5442991256714 42.7023324966431 23.6044963598251 24.155888915062 23.0865715742111 17.2176941037178 7.79170459508896 1.45331088453531 1.44743528962135 1 1 -9999 -9999 -9999 -9999 -9999 -9999 -9999 -9999 -9999 -9999 -9999 -9999 -9999 -9999 -9999 -9999 -9999 -9999 -9999 -9999 -9999 -9999 -9999 -9999 -9999 -9999 -9999 -9999 -9999 -9999 -9999 -9999 -9999 -9999 -9999 -9999 -9999 -9999
68.9510304927826 90.3484511375427 90.3000240325928 70.6948919296265 56.9238548278809 41.2038462162018 66.3519093990326 61.2322552204132 56.7343649864197 52.4496700763702 42.2918879985809 34.0481314659119 34.0284633636475 34.4010908603668 25.3588271141052 19.401179254055 9.65637846291065 10.6007748544216 4.14895359426737 1.70133009552956 1 -9999 -9999 -9999 -9999 -9999 -9999 -9999 -9999 -9999 -9999 -9999 -9999 -9999 -9999 -9999 -9999 -9999 -9999 -9999 -9999 -9999 -9999 -9999 -9999 -9999 -9999 -9999 -9999 -9999 -9999 -9999 -9999 -9999 -9999 -9999 -9999 -9999
94.0437517166138 93.2320137023926 75.3202705383301 62.8414068222046 61.5746433734894 49.4242653846741 75.1558575630188 83.1994390487671 80.4343938827515 68.9441595077515 49.9284546375275 50.7342443466187 60.3496036529541 54.1242523193359 48.4043262004852 34.8085381984711 30.2459607124329 45.8130698204041 35.4885395765305 3.87969122827053 -9999 -9999 -9999 -9999 -9999 -9999 -9999 -9999 -9999 -9999 -9999 -9999 -9999 -9999 -9999 -9999 -9999 -9999 -9999 -9999 -9999 -9999 -9999 -9999 -9999 -9999 -9999 -9999 -9999 -9999 -9999 -9999 -9999 -9999 -9999 -9999 -9999 -9999
93.6048855781555 94.49675989151 83.872772693634 72.678448677063 68.3812961578369 61.1707723140717 72.621509552002 99.6240301132202 91.1595377922058 68.442310333252 47.8480823040008 85.6117839813232 112.922332286835 76.7117938995361 55.4904510974884 46.6408853530884 42.7720668315887 65.927191734314 24.8704016804695 6.90028966963291 -9999 -9999 -9999 -9999 -9999 -9999 -9999 -9999 -9999 -9999 -9999 -9999 -9999 -9999 -9999 -9999 -9999 -9999 -9999 -9999 -9999 -9999 -9999 -9999 -9999 -9999 -9999 -9999 -9999 -9999 -9999 -9999 -9999 -9999 -9999 -9999 -9999 -9999
98.519688129425 95.8279614448547 86.8797268867493 82.907642364502 75.9153804779053 68.2864584922791 78.1067943572998 86.1645245552063 76.6691846847534 54.3559591770172 78.1372261047363 111.63881111145 143.686570167542 83.8566122055054 79.6047229766846 61.1980009078979 57.8220534324646 49.2050366401672 35.394327044487 8.2969549447298 -9999 2.48619557917118 -9999 2.44988675415516 1.48083010315895 2.95378418266773 -9999 -9999 -9999 -9999 -9999 -9999 -9999 -9999 -9999 -9999 -9999 -9999 -9999 -9999 -9999 -9999 -9999 -9999 -9999 -9999 -9999 -9999 -9999 -9999 -9999 -9999 -9999 -9999 -9999 -9999 -9999 -9999
99.5645875930786 100.210176467896 95.1993703842163 83.6175880432129 82.879994392395 80.6689796447754 94.0361742973328 93.0259799957275 83.8041868209839 84.7088551521301 86.800066947937 158.864974498749 166.327978134155 96.3717350959778 81.3956141471863 71.7895150184631 73.7004084587097 56.6752502918243 27.508189201355 19.0444461107254 -9999 3.28697592020035 16.3740518093109 14.3661871552467 15.6676895618439 23.7627810239792 22.1914113163948 16.3391330242157 -9999 -9999 -9999 -9999 -9999 -9999 -9999 -9999 -9999 -9999 -9999 -9999 -9999 -9999 -9999 -9999 -9999 -9999 -9999 -9999 -9999 -9999 -9999 -9999 -9999 -9999 -9999 -9999 -9999 -9999
93.9752712249756 89.5519685745239 93.4999747276306 86.0757789611816 94.1535682678223 108.162759304047 182.482314109802 111.426732063293 95.1773347854614 75.5792145729065 148.089374542236 209.887794494629 151.50328874588 87.3832902908325 80.3037223815918 90.3687167167664 88.4804644584656 64.4590566158295 21.410356760025 3.33028148114681 1.49983720481396 4.99472884833813 28.2725715637207 49.8306720256805 50.8910341262817 43.4333164691925 32.74347615242 24.607035279274 7.10926200449467 3.65544894337654 12.5634709000587 1.32660640031099 -9999 -9999 -9999 -9999 -9999 -9999 -9999 -9999 -9999 -9999 -9999 -9999 -9999 -9999 -9999 -9999 -9999 -9999 -9999 -9999 -9999 -9999 -9999 -9999 -9999 -9999
91.5639123916626 96.9130554199219 99.5642213821411 98.8336358070374 135.448942661285 238.067833900452 213.356960296631 72.2915859222412 45.052391409874 100.98216342926 248.169377326965 220.68111038208 153.540771484375 108.268379211426 88.4286842346191 78.617919921875 50.6812802553177 14.4816410541534 5.05819474160671 5.54753483831882 14.8908409774303 16.9272545278072 51.6227400302887 82.5323929786682 67.3041532039642 59.5596084594727 43.6167483329773 39.5302058458328 35.4024842977524 27.9243816137314 21.1163203716278 3.69971170276403 2.39034782350063 1.34039399027824 5.95065808296204 16.8764839172363 21.638970375061 37.135534286499 -9999 -9999 -9999 -9999 -9999 -9999 -9999 -9999 -9999 -9999 -9999 -9999 -9999 -9999 -9999 -9999 -9999 -9999 -9999 -9999
95.0477395057678 99.422712802887 99.994297504425 103.964126586914 173.30900478363 290.96021270752 226.415090560913 101.602189540863 143.323623657227 264.860454559326 301.667280197144 155.330069065094 127.631331920624 103.332990646362 64.3465909957886 39.1166862249374 22.2768136262894 6.45765995979309 26.6627029180527 49.4457290172577 27.6111085414886 46.478194475174 41.7080130577087 64.6194367408752 72.651123046875 84.190288066864 75.0724940299988 48.6949193477631 43.2872262001038 24.0409837961197 7.77746358513832 8.49744312465191 48.5584299564362 39.0638773441315 60.0306451320648 78.1840372085571 89.6713395118713 168.151607513428 42.495257973671 24.1953482627869 18.9626181125641 11.1203947067261 -9999 -9999 -9999 -9999 -9999 -9999 -9999 -9999 -9999 -9999 -9999 -9999 -9999 -9999 -9999 -9999
99.8361768722534 100 103.664601325989 102.603301525116 184.241961479187 239.934296607971 171.208417892456 92.3816509246826 219.823366165161 279.88267326355 244.45473575592 141.894327163696 74.2272279262543 56.5006928443909 44.3974008560181 33.115914940834 18.4141531586647 9.39731508493423 32.1666079759598 33.7380756139755 21.3753622770309 72.7298963069916 65.9353594779968 66.334573507309 88.1028299331665 91.37872838974 72.6362073421478 21.2436211109161 18.3221589326859 27.0596754550934 36.7027820944786 20.8265997767448 113.600151538849 165.396723747253 124.005126237869 171.875111579895 74.4424011707306 135.225833415985 102.316979885101 55.6456665992737 31.8517907857895 16.1706469655037 11.9439315795898 -9999 -9999 -9999 -9999 -9999 -9999 -9999 -9999 -9999 -9999 -9999 -9999 -9999 -9999 -9999
100.366786956787 102.04639339447 123.070317745209 163.462851524353 171.825296401978 195.65318107605 109.145532131195 144.268691062927 162.351360321045 169.923406600952 106.673661708832 101.465979099274 88.1570067405701 78.7757363319397 75.466374874115 50.5929658412933 36.5007940530777 14.2421849370003 18.0291005969048 30.8146985769272 30.3418990373611 85.5730841159821 103.201870441437 88.2803363800049 98.573326587677 93.286331653595 95.1473336219788 40.5660381317139 65.7001032829285 98.0743761062622 68.1158808469772 39.6398099660873 136.302669525146 272.501999855042 443.498634338379 270.466468811035 89.2707018852234 183.321748733521 104.389055728912 76.8050155639648 54.9744358062744 73.2515580654144 30.226960003376 2.9636370241642 -9999 -9999 -9999 -9999 -9999 -9999 -9999 -9999 -9999 -9999 -9999 -9999 -9999 -9999
127.946227550507 112.403894901276 169.523199081421 182.447031021118 202.785495758057 164.163612365723 129.618084430695 180.638459205627 112.188107013702 132.518527507782 109.876518249512 160.120148658752 105.906182289124 86.2429056167603 106.716114521027 67.5893590450287 69.8980307579041 29.8977470397949 23.1249345541 40.345463514328 38.7783918380737 73.9836785793304 100.38266992569 90.5963726043701 85.2091856002808 98.1308884620667 79.7815651893616 55.16872382164 99.6586422920227 65.0323283672333 46.3204145431519 77.4551289081573 120.913056850433 163.149854660034 566.702747344971 574.015153884888 175.925823688507 502.016166687012 119.976570129395 111.073247432709 174.065947055817 358.034410476685 104.104002952576 61.5011661052704 26.1112976074219 -9999 -9999 -9999 -9999 -9999 -9999 -9999 -9999 -9999 -9999 -9999 -9999 -9999
194.86851978302 185.66664981842 173.279393196106 211.706509590149 228.853350639343 262.642758369446 207.805014610291 245.097024917603 126.043360710144 153.869079589844 176.43505859375 270.563243865967 148.055060386658 141.660187244415 195.908169746399 89.7558917999268 90.1086368560791 60.9970924854279 56.4584658145905 77.7166795730591 77.6974673271179 91.3060059547424 98.19109582901 101.22478055954 92.9269142150879 98.1262264251709 62.9424662590027 87.4526362419128 95.9689373970032 75.104968547821 80.7662329673767 117.005866527557 133.150132656097 187.650686264038 527.952058792114 737.511753082275 110.043036460876 113.196245193481 135.829429626465 172.154216766357 225.083636283875 246.802938461304 127.930752754211 76.8275895118713 78.0370488166809 88.8085980415344 -9999 -9999 -9999 -9999 -9999 -9999 -9999 -9999 -9999 -9999 -9999 -9999
181.587117195129 182.983778953552 196.185098648071 240.699848175049 294.073598861694 293.013912200928 243.778392791748 238.161951065063 162.064646720886 194.027853965759 181.417689323425 252.248473167419 155.685115814209 194.35774230957 131.33836889267 81.3861503601074 84.6925888061523 81.5334391593933 92.2252407073975 95.6030535697937 95.8748197555542 75.7668452262878 82.680121421814 102.545211791992 98.7013311386108 97.8622808456421 62.3340594768524 106.508989810944 90.6442375183105 80.8992013931274 129.987095355988 200.904126167297 167.569087028503 246.001687049866 633.107250213623 750.690376281738 243.984369277954 161.182499885559 183.067311286926 276.960498809814 303.477586746216 226.95202922821 123.138970375061 129.497573852539 322.178701400757 329.870394706726 58.9243276119232 -9999 -9999 -9999 -9999 -9999 -9999 -9999 -9999 -9999 -9999 -9999
94.00182056427 97.9939441680908 124.857872486115 168.25616645813 240.316584587097 277.75065612793 298.759382247925 247.999915122986 179.906636238098 214.607483863831 244.50093460083 233.262619018555 256.862652778625 157.39812707901 90.6859540939331 97.1499485969543 96.3950085639954 92.6115589141846 92.7124762535095 108.333990573883 114.518160820007 100.319289684296 105.184831142426 81.3681631088257 94.3311734199524 80.2882080078125 106.153102397919 126.65049123764 105.325593471527 96.407693862915 132.985594749451 255.735463142395 510.441505432129 495.725896835327 584.173152923584 628.509117126465 147.445360183716 177.683835029602 252.324589729309 272.130131721497 348.815607070923 216.140027999878 145.569428443909 294.034337043762 260.171702384949 90.5370492935181 43.1606732010841 16.4664408564568 -9999 -9999 -9999 -9999 -9999 -9999 -9999 -9999 -9999 -9999
65.062269449234 57.3575327396393 159.248099803925 119.306899547577 90.2437181472778 148.664488792419 300.356004714966 307.862417221069 214.009498596191 227.900546073914 297.661012649536 288.546525001526 168.605473518372 161.442252635956 100.462410449982 97.9202971458435 97.3957524299622 84.8757605552673 149.293163299561 152.782900810242 177.861682891846 143.012200832367 106.621465206146 88.9748616218567 100.747624874115 84.1133813858032 88.2918758392334 102.139360427856 102.772677898407 104.738100528717 151.965638160706 247.625619888306 341.560733795166 375.945119857788 523.622875213623 327.572803497314 254.595160484314 300.859659194946 294.811891555786 302.341947555542 532.528158187866 377.083488464355 295.75702381134 554.552196502686 194.216931819916 93.2204446792603 45.0358511209488 15.2439194917679 -9999 -9999 -9999 -9999 -9999 -9999 -9999 -9999 -9999 -9999
151.185018539429 118.209562778473 92.7869310379028 224.80396938324 205.320994377136 129.256844520569 256.110371589661 272.32478427887 237.085034370422 299.331003189087 282.431817054749 158.120694160461 174.41353225708 184.585596084595 150.475590705872 106.329706668854 99.8329992294312 100.428047657013 160.557838439941 185.837563514709 172.443899154663 171.959078788757 103.696182727814 120.75508928299 150.638915061951 171.782724380493 118.038940429688 185.928077697754 187.060629844666 152.670569419861 153.090676307678 238.714569091797 230.492053985596 227.548392295837 547.674850463867 427.377895355225 293.074995040894 458.966276168823 638.088405609131 610.816780090332 541.28630065918 403.298770904541 348.568510055542 221.755090713501 147.103989601135 139.018808364868 91.6251509189606 63.929003238678 13.5681976675987 -9999 -9999 -9999 -9999 -9999 -9999 -9999 -9999 -9999
175.50058555603 129.855346679688 94.8336038589478 201.004450798035 278.818933486938 129.330874919891 240.123825073242 297.556423187256 303.468732833862 263.007444381714 205.546078681946 177.418790817261 201.219440460205 197.273594856262 152.69022321701 107.895600795746 148.55542755127 106.259828567505 156.351157188416 182.035760879517 103.940230846405 122.414742946625 159.892352581024 168.792914390564 188.072068214417 164.926911354065 134.291690826416 164.353644371033 161.619276046753 215.802283287048 166.651863098145 231.548990249634 281.894315719604 250.123001098633 363.619005203247 299.235622406006 320.53547668457 507.821336746216 663.277008056641 484.234088897705 331.382452011108 300.039319992065 360.095342636108 297.745397567749 161.304812431335 133.125898838043 149.981335163116 99.3939237594604 35.0584720373154 28.3869172334671 -9999 -9999 -9999 -9999 -9999 -9999 -9999 -9999
182.164715766907 205.687324523926 140.370163440704 220.516108512878 284.469264030457 137.099079608917 185.811295509338 292.464076042175 291.297052383423 248.319898605347 270.167108535767 244.828421592712 202.313296318054 186.696619033813 191.36828327179 197.980894088745 199.4703540802 219.2435131073 250.55189037323 203.300640106201 169.048746585846 108.843833446503 105.811440944672 157.727307796478 239.323274612427 135.061994552612 163.790246963501 154.913054466248 187.12491607666 172.318630218506 165.330145835876 243.383785247803 375.666400909424 534.630220413208 555.924407958984 376.349632263184 331.344373703003 482.346775054932 583.857501983643 516.84098815918 311.021560668945 363.083066940308 439.306924819946 196.620688438416 196.128520011902 145.088939666748 117.042676925659 73.9664905071259 57.9835767745972 97.8232293128967 34.8151270747185 -9999 -9999 -9999 -9999 -9999 -9999 -9999
187.694647789001 226.343989372253 144.356514930725 227.860903739929 283.980366706848 131.711786746979 168.526964187622 206.515335083008 279.103307723999 291.64916229248 267.270678520203 223.56574344635 277.673583030701 266.781591415405 241.17030620575 238.055685043335 270.037133216858 244.499962806702 312.412418365479 231.807448387146 148.865778923035 201.036199569702 183.16332244873 231.121747970581 160.569120407104 154.363897323608 208.816173553467 213.48134803772 174.171733856201 132.556770801544 197.287987709045 321.48751449585 458.234773635864 579.435997009277 544.59560585022 401.702405929565 431.829824447632 538.179481506348 592.429317474365 643.608173370361 537.110748291016 255.116083145142 161.044490814209 149.273559570312 119.168112754822 98.5970506668091 74.8776912689209 69.3998818397522 120.506151199341 125.20013999939 59.2598221302032 123.150515556335 96.1894245147705 -9999 -9999 -9999 -9999 -9999
230.277080535889 180.892442703247 164.823613166809 269.398084640503 280.720788955688 121.840142726898 197.004629135132 286.799264907837 396.522048950195 314.085704803467 313.891801834106 267.710324287415 345.673492431641 332.819816589355 350.369144439697 371.493162155151 309.918781280518 280.839440345764 281.227982521057 221.593427658081 340.908071517944 263.15042591095 247.673434257507 246.916862487793 143.629913330078 219.662907600403 265.273996353149 197.79140663147 214.05753993988 179.949695587158 268.436771392822 305.593353271484 383.518779754639 621.811428070068 617.633399963379 475.212785720825 506.723114013672 583.202049255371 570.453758239746 595.52180480957 392.805107116699 257.327046394348 217.794959068298 181.366745948792 127.76337146759 93.1929912567139 105.489562511444 123.675220489502 133.302234172821 117.595132350922 58.9478459358215 165.487377643585 77.1128695011139 10.0356890112162 13.9016577005386 21.8684461116791 18.2006843090057 -9999
231.062693595886 213.623646736145 217.57136631012 290.082864761353 279.556948661804 174.928508758545 214.728324890137 325.172456741333 387.609569549561 335.65739440918 421.205587387085 382.341373443604 419.589252471924 435.141315460205 431.78244972229 389.421031951904 348.997144699097 324.530891418457 301.093391418457 365.490526199341 335.198970794678 311.020910263062 316.432458877563 234.184011459351 223.43229675293 167.953638076782 192.873712539673 263.581205368042 250.523335456848 202.229942321777 283.779932022095 280.612054824829 340.900278091431 588.050994873047 654.957347869873 574.418571472168 493.222806930542 564.203472137451 642.109630584717 495.014987945557 411.872756958008 343.35680770874 226.728960037231 147.75706577301 113.577785968781 142.782034873962 153.431458473206 138.064485549927 103.968590259552 101.31353521347 91.7836060523987 111.169327735901 47.3117628097534 55.350319981575 74.2029151916504 105.059548616409 150.617800712585 82.3845953941345
211.091282844543 206.327120780945 244.111488342285 232.509683609009 192.146071434021 178.642224311829 208.520212173462 312.38885307312 335.886604309082 386.896722793579 409.102895736694 433.217395782471 472.538171768188 474.307453155518 453.94472694397 389.144929885864 340.521223068237 390.465749740601 359.915452957153 318.865755081177 288.827496528625 276.867289543152 351.445310592651 300.402938842773 246.217479705811 181.215817451477 257.277248382568 328.970560073853 283.816995620728 271.871404647827 279.10559463501 301.671171188354 346.946527481079 588.447282791138 678.508708953857 588.457740783691 506.94309425354 545.023429870605 585.056537628174 504.428821563721 426.682676315308 361.335622787476 284.913419723511 195.368523597717 168.738481521606 352.867000579834 173.365240097046 146.151819229126 128.821952342987 142.606194496155 97.4123096466064 77.672420501709 75.4923005104065 102.019381523132 137.901700496674 170.062528610229 159.379109382629 127.545405387878
243.84673500061 219.545208930969 233.244656562805 183.096891403198 120.425598144531 243.049973487854 240.855819702148 301.17455291748 321.378580093384 399.06127166748 367.261611938477 358.18438911438 349.281930923462 316.895273208618 366.409288406372 400.637857437134 309.728136062622 362.480648040771 340.543745040894 264.972570419312 185.35000705719 191.214237213135 163.148198127747 235.042407989502 177.022500038147 147.916052341461 224.664981842041 244.746423721313 337.089605331421 327.410413742065 381.890760421753 333.497121810913 388.739603042603 576.570148468018 632.553504943848 590.747081756592 481.864429473877 466.051935195923 553.899356842041 482.623456954956 296.177539825439 326.508693695068 307.868812561035 309.270084381104 415.146368980408 280.182350158691 274.670568466187 304.122809410095 225.890552520752 157.328620910645 158.337687492371 122.149199962616 116.21587896347 278.674231529236 287.448160171509 239.438155174255 171.776834487915 107.281224727631
287.341720581055 255.077048301697 267.501419067383 196.363119125366 112.301971435547 188.871716499329 242.890237808228 399.563148498535 441.732507705688 451.237649917603 325.240594863892 297.674884796143 300.704629898071 242.518416404724 260.476906776428 265.826583862305 313.761678695679 276.685945510864 236.98357963562 277.91351890564 254.56764793396 202.738767623901 198.77724647522 189.885282516479 148.203152656555 190.166029930115 204.506934165955 219.633397102356 257.231032371521 325.931833267212 401.665134429932 362.366548538208 530.582983016968 592.876712799072 624.565795898438 612.981941223145 553.753402709961 521.383222579956 372.834777832031 351.844964981079 261.513995170593 259.408164024353 179.07075214386 370.368528366089 573.396980285645 348.569995880127 312.434356689453 403.32096862793 280.142332077026 170.446187973022 129.123984336853 310.499361038208 265.797299385071 526.089939117432 373.507444381714 231.097375869751 129.834602832794 88.4037456512451
270.21138381958 251.7945728302 199.600653648376 153.681394577026 162.27299118042 164.278409004211 209.304141998291 296.238880157471 362.830211639404 344.820379257202 307.258529663086 260.410833358765 263.98010635376 304.353183746338 284.142520904541 276.033978462219 293.943824768066 214.507895469666 309.255075454712 367.222631454468 281.438924789429 240.264896392822 208.577749252319 203.800466537476 200.579688072205 206.522613525391 165.530060768127 198.617497444153 237.901972770691 296.538829803467 385.622388839722 312.993129730225 370.578832626343 452.033185958862 577.378723144531 611.791076660156 598.931991577148 526.345289230347 533.50050163269 476.972904205322 458.188596725464 340.794815063477 243.872671127319 346.737010955811 348.677885055542 368.63059425354 447.974857330322 319.349700927734 226.508100509644 193.864636421204 152.25612449646 251.014566421509 427.09910774231 543.606979370117 528.134929656982 299.580505371094 154.7804479599 94.0774793624878
