a.asc
NCOLS 265 
NROWS 340 
XLLCORNER -3110163.8955 
YLLCORNER -3147031.214 
CELLSIZE 25000 
NODATA_value -9999 
[rows 156 to 181 of 340, columns 58 to 115 of 265]
-9999 -9999 -9999 -9999 -9999 -9999 -9999 -9999 -9999 -9999 -9999 -9999 -9999 -9999 -9999 -9999 -9999 -9999 -9999 -9999 -9999 -9999 -9999 -9999 -9999 848.986530303955 1066.30905151367 1614.65434265137 2761.52883911133 3891.40841674805 4200.77966308594 4001.34698486328 3754.03073120117 3646.45314025879 3673.46615600586 3755.11668395996 3745.30992126465 3755.73223876953 3851.90765380859 4306.4709777832 4696.12866210938 4357.61630249023 3773.91134643555 3845.58609008789 3461.7075958252 3083.09579467773 2968.62916564941 2787.62554931641 2488.47749328613 2064.1676940918 1365.19989013672 1214.76815032959 1122.5838394165 1064.71138000488 588.693939208984 516.392421722412 475.300979614258 432.687889099121
-9999 -9999 -9999 -9999 -9999 -9999 -9999 -9999 -9999 -9999 -9999 -9999 -9999 -9999 -9999 -9999 -9999 -9999 -9999 -9999 -9999 -9999 -9999 -9999 -9999 1167.1888885498 1154.80799102783 1520.69025421143 2071.91823577881 3330.50350952148 4343.31561279297 4191.72290039062 3809.3441619873 3660.67938232422 3774.40550231934 3972.7819519043 3655.07708740234 3655.17193603516 3765.96952819824 3914.50811767578 4559.17395019531 4351.62442016602 3982.88677978516 4101.95439147949 3277.755859375 3089.67970275879 2939.07736206055 2224.3073425293 2658.86178588867 1906.71102905273 1439.12168121338 1393.60851287842 1249.38500213623 1158.92744445801 565.137062072754 531.952053070068 447.818109512329 386.272888183594
-9999 -9999 -9999 -9999 -9999 -9999 -9999 -9999 -9999 -9999 -9999 -9999 -9999 -9999 -9999 -9999 -9999 -9999 -9999 -9999 -9999 -9999 -9999 -9999 -9999 1194 1183.21807861328 1273.216796875 1982.1365814209 3165.43955993652 4284.39517211914 4729.35806274414 3979.97396850586 3686.20248413086 3723.17527770996 3741.45573425293 3624 3624 3781.22045898438 3924.40145874023 4430.39440917969 3868.17666625977 3837.60473632812 3540.71087646484 3476.40046691895 3420.03193664551 3355.48399353027 3180.7932434082 2687.01345825195 1868.99195861816 1480.80464935303 1318.77519226074 1136.84476852417 977.059383392334 595.007984161377 524.94390296936 449.406759262085 389.4769115448
-9999 -9999 -9999 -9999 -9999 -9999 -9999 -9999 -9999 -9999 -9999 -9999 -9999 -9999 -9999 -9999 -9999 -9999 -9999 -9999 -9999 -9999 -9999 -9999 -9999 -9999 768.230113983154 1132.96225738525 1702.94625854492 2983.2607421875 4201.36250305176 4385.29818725586 3939.77395629883 3662.18579101562 3615.77368164062 3639.96937561035 3624 3624 3773.33486938477 3964.32801818848 4077.71505737305 3845.10729980469 3828.90963745117 3275.5813293457 3251.51499938965 3430.92092895508 3446.75282287598 2912.216796875 2432.78401184082 1725.09332275391 1415.14345550537 1068.27471542358 1232.69123840332 1005.88513183594 614.290073394775 513.737550735474 456.254331588745 389.608661651611
-9999 -9999 -9999 -9999 -9999 -9999 -9999 -9999 -9999 -9999 -9999 -9999 -9999 -9999 -9999 -9999 -9999 -9999 -9999 -9999 -9999 -9999 -9999 -9999 -9999 -9999 639.765113830566 1068.35227203369 1270.29272460938 2660.94818115234 3904.5576171875 4320.30264282227 4019.31622314453 3694.12898254395 3612.53115844727 3635.19938659668 3624 3624 3634.22459411621 3928.43792724609 3814.90264892578 4006.98373413086 3861.85298156738 3204.79306030273 3161.37211608887 3998.95986938477 3379.90922546387 1925.33106231689 1807.08166503906 1264.14992523193 1363.41680908203 1243.59278869629 1247.6828918457 901.999519348145 613.276000976562 509.485261917114 452.298625946045 375.262678146362
-9999 -9999 -9999 -9999 -9999 -9999 -9999 -9999 -9999 -9999 -9999 -9999 -9999 -9999 -9999 -9999 -9999 -9999 -9999 -9999 -9999 -9999 -9999 -9999 -9999 -9999 921.648021697998 1038.72899627686 1004.26605987549 1659.40472412109 3308.3772277832 3918.40055847168 3982.52438354492 3676.19342041016 3640.69511413574 3679.17022705078 3637.40280151367 3624 3635.32397460937 3712.40316772461 3731.08514404297 3865.24043273926 3839.48577880859 3245.24580383301 3014.3208770752 2998.69046020508 3131.4693145752 2651.61389160156 2187.676612854 1026.42338180542 1044.1674118042 1175.4638710022 1312.84452819824 872.707870483398 606.695755004883 474.780004501343 423.189905166626 364.96347618103
-9999 -9999 -9999 -9999 -9999 -9999 -9999 -9999 -9999 -9999 -9999 -9999 -9999 -9999 -9999 -9999 -9999 -9999 -9999 -9999 -9999 -9999 -9999 -9999 -9999 -9999 746.843555450439 1105.20334243774 1060.80750274658 1305.0545501709 2480.41023254395 4069.69480895996 4190.14956665039 4210.74176025391 3816.62858581543 4152.83477783203 3652.44964599609 3652.84478759766 3651.12289428711 3656.91004943848 3739.41311645508 3932.83601379395 3835.68852233887 3529.41514587402 3001.35398864746 2775.00552368164 2984.6794128418 1909.02838897705 2175.83036804199 1015.56767654419 763.6813621521 888.90954208374 1140.63976287842 759.688316345215 649.044872283936 433.87385559082 375.996013641357 333.273717880249
-9999 -9999 -9999 -9999 -9999 -9999 -9999 -9999 -9999 -9999 -9999 -9999 -9999 -9999 -9999 -9999 -9999 -9999 -9999 -9999 -9999 -9999 -9999 -9999 -9999 -9999 1007.96231079102 894.897464752197 972.088401794434 1204.47888565063 2221.69778442383 3797.52616882324 4596.02386474609 3960.03215026855 3886.19482421875 3735.51231384277 3842.18121337891 3913.16569519043 3702.5576171875 3753.76596069336 3903.97973632812 3953.71755981445 4051.40277099609 3706.23867797852 3225.75559997559 3088.00978088379 2709.47180175781 2137.25204467773 1757.24015808105 1152.15514755249 783.065124511719 596.770263671875 645.58345413208 444.32347869873 558.126720428467 376.100336074829 321.866777420044 295.787696838379
-9999 -9999 -9999 -9999 -9999 -9999 -9999 -9999 -9999 -9999 -9999 -9999 -9999 -9999 -9999 -9999 -9999 -9999 -9999 -9999 -9999 -9999 -9999 -9999 -9999 -9999 892.055358886719 835.120864868164 838.794136047363 1065.37524795532 1974.89599609375 3312.14677429199 4236.19842529297 3808.43037414551 3856.11883544922 4006.45452880859 4149.7746887207 3842.91799926758 3733.03602600098 3849.49150085449 4009.57192993164 4223.02917480469 3974.62213134766 3826.21548461914 3416.69285583496 3050.65786743164 3001.24792480469 2606.18812561035 2187.7445526123 1475.87302398682 899.448196411133 658.589870452881 629.415882110596 387.928230285645 531.482557296753 360.480682373047 295.137023925781 271.690816879272
-9999 -9999 -9999 -9999 -9999 -9999 -9999 -9999 -9999 -9999 -9999 -9999 -9999 -9999 -9999 -9999 -9999 -9999 -9999 -9999 -9999 -9999 -9999 -9999 -9999 -9999 380.686416625977 810.525745391846 781.664394378662 1018.51543045044 1853.95455932617 3403.17877197266 4184.85960388184 4131.63920593262 4032.80024719238 4101.14451599121 3820.27453613281 3779.93438720703 3796.76173400879 3975.16500854492 4216.69714355469 4160.83441162109 4013.30184936523 3827.28747558594 3251.3228302002 3389.51954650879 3077.03303527832 2167.75367736816 2405.78125 1683.40019989014 1347.47994232178 1015.01245880127 742.36909866333 443.993297576904 383.325624465942 312.331830978394 286.952087402344 268.102373123169
-9999 -9999 -9999 -9999 -9999 -9999 -9999 -9999 -9999 -9999 -9999 -9999 -9999 -9999 -9999 -9999 -9999 -9999 -9999 -9999 -9999 -9999 -9999 -9999 -9999 -9999 840.459617614746 1056.54964065552 948.825897216797 1081.47681808472 2063.12811279297 3469.81988525391 3784.79307556152 4170.21842956543 3961.6435546875 4485.03900146484 4043.95904541016 3906.26312255859 3875.65089416504 4085.98866271973 4463.93905639648 3977.90219116211 3805.67095947266 3851.47895812988 3435.49903869629 3492.91955566406 3667.42126464844 2021.07408905029 1733.94779205322 1221.91368865967 1148.59358215332 970.160705566406 613.507919311523 523.652931213379 338.313241958618 290.015268325806 270.238126754761 259.113110542297
-9999 -9999 -9999 -9999 -9999 -9999 -9999 -9999 -9999 -9999 -9999 -9999 -9999 -9999 -9999 -9999 -9999 -9999 -9999 -9999 -9999 -9999 -9999 -9999 -9999 -9999 909.015289306641 1496.09007263184 1181.72566223145 1170.93244934082 2345.8427734375 3447.61651611328 3386.10470581055 4055.63117980957 4393.92770385742 4643.74407958984 4421.49740600586 4139.62359619141 4363.66250610352 4352.1969909668 4348.97396850586 3790.02969360352 3738.36897277832 3684.7315826416 3457.37921142578 3329.41107177734 3746.52436828613 2505.38903808594 1767.37872314453 1338.73002624512 948.978282928467 872.446823120117 572.714702606201 413.40181350708 290.234241485596 281.77250289917 261.167051315308 247.156514167786
-9999 -9999 -9999 -9999 -9999 -9999 -9999 -9999 -9999 -9999 -9999 -9999 -9999 -9999 -9999 -9999 -9999 -9999 -9999 -9999 -9999 -9999 -9999 -9999 -9999 -9999 1525.00843048096 1615.21694946289 1183.78245544434 1237.051612854 2388.38833618164 3317.99307250977 3235.41242980957 3802.11311340332 4409.48669433594 4632.94137573242 5019.53778076172 4396.4091796875 4628.61209106445 4605.76580810547 4241.90374755859 3693.58679199219 3810.4496307373 3666.67909240723 3476.62005615234 3736.00746154785 3798.51850891113 2618.21640014648 1568.52552032471 1090.96815490723 675.023899078369 635.001907348633 498.082319259644 328.662916183472 274.89999961853 256.054104804993 240.720464706421 228.459684371948
-9999 -9999 -9999 -9999 -9999 -9999 -9999 -9999 -9999 -9999 -9999 -9999 -9999 -9999 -9999 -9999 -9999 -9999 -9999 -9999 -9999 -9999 -9999 -9999 -9999 -9999 1652.99815368652 1617.10353088379 1234.20614624023 1345.22332763672 2360.10443115234 3005.02983093262 2671.2437286377 2950.25665283203 3640.16307067871 4935.04525756836 4642.50659179688 5074.88854980469 4592.45657348633 4783.42260742188 4276.58529663086 3987.22926330566 3814.18287658691 3749.13380432129 3673.01332092285 3905.89047241211 3806.7159576416 2664.77261352539 1486.39332580566 702.701316833496 665.017360687256 502.718437194824 390.047689437866 288.934732437134 240.406765937805 221.87734413147 208.659844398499 197.815947532654
-9999 -9999 -9999 -9999 -9999 -9999 -9999 -9999 -9999 -9999 -9999 -9999 -9999 -9999 -9999 -9999 -9999 -9999 -9999 -9999 -9999 -9999 -9999 -9999 -9999 -9999 435.907041549683 1530.7791595459 1297.30290222168 1391.95389556885 2105.41201782227 2573.22113037109 2550.26504516602 2901.77377319336 3763.87104797363 4957.72048950195 4697.66165161133 4682.11041259766 4614.53408813477 4519.44372558594 4280.90849304199 4047.43353271484 3761.19407653809 3681.80503845215 3743.21136474609 4018.99226379394 3623.62528991699 2252.45330047607 1234.89073181152 633.821392059326 620.995250701904 457.827558517456 343.819128036499 270.137174606323 225.547916412354 204.05660533905 186.988869667053 181.652525901794
-9999 -9999 -9999 -9999 -9999 -9999 -9999 -9999 -9999 -9999 -9999 -9999 -9999 -9999 -9999 -9999 -9999 -9999 -9999 -9999 -9999 -9999 -9999 -9999 -9999 -9999 763.121242523193 1365.70104980469 1457.29756164551 1458.93173217773 2038.97675323486 2608.15979003906 2677.73094177246 3415.13934326172 3625.61218261719 4861.03521728516 4936.28118896484 4927.22366333008 4637.71383666992 4564.10205078125 4687.32382202148 4123.32797241211 3850.92082214355 3536.67297363281 3700.20751953125 3921.49505615234 3392.72874450684 1769.14025878906 912.483261108398 593.665538787842 492.102216720581 388.776235580444 318.707567214966 244.057513237 207.476270675659 196.496569633484 178.369720458984 166.617094039917
-9999 -9999 -9999 -9999 -9999 -9999 -9999 -9999 -9999 -9999 -9999 -9999 -9999 -9999 -9999 -9999 -9999 -9999 -9999 -9999 -9999 -9999 -9999 -9999 -9999 -9999 1018.39047241211 1503.29933929443 1458.43817138672 1486.55674743652 2063.80967712402 2689.32490539551 2911.86000061035 2946.31909179688 2833.77445983887 4227.54463195801 4980.99612426758 4695.9826965332 4506.02105712891 4469.1701965332 4593.69761657715 4298.27310180664 3886.88171386719 3586.37255859375 3804.97204589844 3768.59588623047 4038.25346374512 2188.15762329102 762.559658050537 416.034698486328 373.821109771729 317.794790267944 260.0877866745 219.12576675415 192.048036575317 200.070109367371 194.694249153137 192.065918922424
-9999 -9999 -9999 -9999 -9999 -9999 -9999 -9999 -9999 -9999 -9999 -9999 -9999 -9999 -9999 -9999 -9999 -9999 -9999 -9999 -9999 -9999 -9999 -9999 -9999 1 681.809379577637 1307.07294464111 1400.20698547363 1465.7286605835 1775.91455841064 2891.26765441895 3234.2554473877 2420.73295593262 2330.52516174316 3359.54988098145 4903.09213256836 4411.29669189453 4323.04528808594 4318.92300415039 4044.54342651367 3922.30964660645 3767.89027404785 4109.24827575684 3921.85122680664 3468.75317382812 3798.40811157227 2456.19798278809 1003.65963745117 400.943653106689 311.580486297607 259.702488899231 228.943239212036 224.821168899536 224.928114891052 225.246535301208 224.282867431641 219.998868942261
-9999 -9999 -9999 -9999 -9999 -9999 -9999 -9999 -9999 -9999 -9999 -9999 -9999 -9999 -9999 -9999 -9999 -9999 -9999 -9999 -9999 -9999 -9999 -9999 155.229728221893 113.628104686737 777.933959960938 1237.17571258545 1209.1540145874 1663.89475250244 1932.94746398926 2651.38510131836 2564.06311035156 2289.63052368164 2274.62046813965 2946.39001464844 4600.02914428711 4506.44747924805 4284.70373535156 4226.68487548828 3985.24847412109 3842.88035583496 3580.87730407715 4030.58947753906 3946.49766540527 3376.17840576172 2982.01529693604 2297.51138305664 969.517192840576 353.458223342896 299.746349334717 284.262233734131 207.085663795471 197.498375892639 211.941744804382 222.415907859802 217.001750946045 208.764175415039
-9999 -9999 -9999 -9999 -9999 -9999 -9999 -9999 -9999 -9999 -9999 -9999 -9999 -9999 -9999 -9999 -9999 -9999 -9999 -9999 -9999 -9999 -9999 -9999 174.640712738037 215.397158622742 1025.29600906372 1076.16274261475 1173.93968200684 1680.70122528076 1849.09658813477 2368.54168701172 2693.77534484863 2320.07295227051 2268.44177246094 2969.64520263672 4594.26382446289 4545.50482177734 4398.71209716797 4192.84164428711 3936.07669067383 3983.31889343262 3496.04260253906 3879.09857177734 3910.20292663574 2854.91633605957 2354.09613037109 1889.70832824707 507.8655834198 378.859935760498 369.880001068115 307.077974319458 199.952591896057 172.926549911499 185.481115341187 205.607934951782 198.101684570312 191.56849861145
-9999 -9999 -9999 -9999 -9999 -9999 -9999 -9999 -9999 -9999 -9999 -9999 -9999 -9999 -9999 -9999 -9999 -9999 -9999 -9999 -9999 -9999 -9999 -9999 -9999 -9999 615.736640930176 1046.52576828003 952.257961273193 1497.57923126221 1883.01098632812 2317.47413635254 2870.52174377441 2673.76945495605 2482.59245300293 3363.45568847656 4455.18206787109 4722.57144165039 4171.64321899414 4317.71928405762 3958.62541198731 4092.25819396973 3544.02911376953 3831.84393310547 3504.63778686523 3089.15185546875 1635.55487823486 781.066432952881 398.196985244751 467.627777099609 422.758617401123 284.097707748413 190.605453491211 174.238018035889 189.325374603271 197.230522155762 188.153476715088 181.773736953735
-9999 -9999 -9999 -9999 -9999 -9999 -9999 -9999 -9999 -9999 -9999 -9999 -9999 -9999 -9999 -9999 -9999 -9999 -9999 -9999 -9999 -9999 -9999 -9999 -9999 745.848167419434 887.983917236328 1053.79162216187 831.575386047363 1276.72259521484 2251.30889129639 2529.95402526855 2770.26916503906 2572.18098449707 3078.02342224121 4303.60548400879 3946.50750732422 4185.36090087891 3876.05844116211 4106.03134155273 4135.14266967773 4509.21682739258 3785.01823425293 4399.28175354004 4198.70532226562 1836.12524414062 1271.10829925537 682.524314880371 471.507413864136 1012.50925064087 559.911315917969 313.648694992065 193.636664390564 174.414618492126 179.035037994385 199.123714447021 185.577871322632 180.350792884827
-9999 -9999 -9999 -9999 -9999 -9999 -9999 -9999 -9999 -9999 -9999 -9999 -9999 -9999 -9999 -9999 -9999 -9999 -9999 -9999 -9999 -9999 -9999 -9999 -9999 -9999 1266.35025024414 1138.97999572754 1110.9197769165 1445.33964538574 2250.96464538574 2796.07647705078 3133.97979736328 2987.45796203613 3177.83338928223 4416.0500793457 3892.2038269043 3778.73724365234 4076.64688110352 3994.56372070312 4999.59799194336 4497.10717773438 4090.01983642578 3964.83323669434 3764.1919708252 1619.86805725098 1423.27697753906 709.444217681885 733.220680236816 1520.21075439453 701.560409545898 296.5615234375 214.667205810547 188.057945251465 183.230693817139 193.057044029236 185.175835609436 178.878630638123
-9999 -9999 -9999 -9999 -9999 -9999 -9999 -9999 -9999 -9999 -9999 -9999 -9999 -9999 -9999 -9999 -9999 -9999 -9999 -9999 -9999 -9999 -9999 -9999 -9999 -9999 1655.52233886719 1728.83055877686 1349.14806365967 1720.57518005371 2404.61018371582 3037.0733795166 3149.43882751465 3740.17733764648 3859.60148620605 4240.91882324219 3704.45741271973 3572.07954406738 4260.55059814453 4035.87249755859 4334.60192871094 4382.39978027344 4371.88793945312 3832.30851745605 3047.24797058106 1553.16291046143 861.121826171875 640.997299194336 1053.50215530396 1218.19389343262 469.948863983154 321.492214202881 252.291109085083 206.663042068481 196.647620201111 198.236077308655 186.995977401733 172.496859550476
-9999 -9999 -9999 -9999 -9999 -9999 -9999 -9999 -9999 -9999 -9999 -9999 -9999 -9999 -9999 -9999 -9999 -9999 -9999 -9999 -9999 -9999 -9999 -9999 -9999 -9999 1740.55830383301 2506.7410736084 1931.6103515625 1840.59704589844 2528.90487670898 3044.02882385254 3279.56704711914 4220.07066345215 4356.51037597656 4430.14517211914 3486.15768432617 3471.10510253906 3911.49920654297 4250.21008300781 4081.09651184082 4666.80035400391 4028.7006072998 3651.97476196289 2709.4833984375 1278.17448425293 941.655818939209 933.863380432129 1197.80256271362 645.354568481445 427.926908493042 334.142971038818 262.784247398376 219.749762535095 205.697874069214 207.055756568909 193.235551834106 177.806552886963
-9999 -9999 -9999 -9999 -9999 -9999 -9999 -9999 -9999 -9999 -9999 -9999 -9999 -9999 -9999 -9999 -9999 -9999 -9999 -9999 -9999 -9999 -9999 -9999 -9999 -9999 2177.22087097168 2421.02151489258 2116.52420806885 2196.52418518066 2780.38790893555 3442.84199523926 3636.79620361328 4656.51049804688 4304.99594116211 4126.73986816406 3573.66966247559 3606.14204406738 4070.98207092285 4231.78625488281 4091.35647583008 4893.57681274414 3859.56282043457 3568.12591552734 2992.34948730469 1362.88735961914 1106.02285766602 1035.50870895386 936.275341033936 578.578285217285 396.994800567627 330.011283874512 283.437026977539 243.868969917297 220.247780799866 213.732738494873 195.93109703064 181.567025184631
