a.asc
NCOLS 265 
NROWS 340 
XLLCORNER -3110163.8955 
YLLCORNER -3147031.214 
CELLSIZE 25000 
NODATA_value -9999 
[rows 234 to 259 of 340, columns 58 to 115 of 265]
-9999 -9999 -9999 -9999 -9999 -9999 -9999 -9999 -9999 -9999 -9999 -9999 -9999 -9999 -9999 -9999 -9999 -9999 -9999 -9999 -9999 175.616832733154 430.962511062622 173.377647399902 112.48698759079 175.327052116394 531.54043006897 1571.01499938965 1828.70574188232 2330.89027404785 2416.33168029785 2551.85591125488 1557.87457275391 1809.8888168335 1605.92807769775 1614.39971923828 1355.47373962402 1080.79753112793 852.07349395752 640.701583862305 451.237031936646 327.307359695435 300.719451904297 310.808013916016 322.786315917969 319.680192947388 295.030292510986 303.70866394043 280.933637619019 234.920568466187 179.237335205078 159.502453804016 133.639987945557 132.591546058655 111.11440038681 99.0014491081238 107.771108150482 111.194060325623
-9999 -9999 -9999 -9999 -9999 -9999 -9999 -9999 -9999 -9999 -9999 -9999 -9999 -9999 -9999 -9999 -9999 -9999 -9999 -9999 -9999 284.342151641846 234.244889259338 204.90546131134 140.692310333252 240.997606277466 670.774765014648 1463.07984924316 1582.78422546387 2379.57402038574 2431.6178894043 2421.72441101074 2004.27572631836 2154.61103820801 2652.45133972168 1634.50988769531 1153.24501800537 962.766220092773 824.877052307129 659.360752105713 494.582571029663 340.471706390381 296.086477279663 305.282388687134 309.965110778809 311.415325164795 327.115526199341 288.862895965576 281.331829071045 249.664620399475 175.574872970581 173.52130317688 144.795336723328 129.515933990479 122.00741815567 117.866801261902 108.588478565216 111.663553714752
-9999 -9999 -9999 -9999 -9999 -9999 -9999 -9999 -9999 -9999 -9999 -9999 -9999 -9999 -9999 -9999 -9999 -9999 -9999 -9999 -9999 -9999 120.8507604599 124.337925434113 140.596375465393 256.674639701843 1148.85829162598 1290.31813812256 1762.95584869385 2771.35711669922 2833.21995544434 2008.58023071289 1626.78628540039 1782.54274749756 1623.58946990967 1205.3065032959 1045.74390411377 877.033432006836 755.376888275146 644.727733612061 451.043306350708 316.545160293579 277.013874053955 288.945352554321 290.85214805603 298.740198135376 319.209348678589 374.289535522461 340.903961181641 260.579969406128 214.348321914673 129.546688556671 130.713286399841 131.044327735901 124.457030296326 125.549669265747 120.720523357391 113.973453521729
-9999 -9999 -9999 -9999 -9999 -9999 -9999 -9999 -9999 -9999 -9999 -9999 -9999 -9999 -9999 -9999 -9999 -9999 -9999 -9999 -9999 336.267194747925 165.074090957642 98.6448593139648 168.09153175354 397.84197807312 1145.34436035156 1254.53266143799 1968.66491699219 1915.94037628174 2758.89538574219 2090.33979797363 1142.2663269043 1591.53742218018 1234.91323852539 1217.00585174561 1050.33473587036 850.921421051025 705.781276702881 601.394985198975 415.265003204346 293.903024673462 264.612684249878 267.507287979126 266.247268676758 274.79411315918 300.927545547485 364.778305053711 348.984245300293 240.588494300842 223.826971054077 197.281198501587 154.395219802856 126.867609024048 127.098818302155 120.773419380188 110.326853752136 111.446849822998
-9999 -9999 -9999 -9999 -9999 -9999 -9999 -9999 -9999 -9999 -9999 -9999 -9999 -9999 -9999 -9999 -9999 -9999 -9999 -9999 143.01562833786 256.213468551636 275.1268491745 138.153482437134 208.63014125824 541.040113449097 1147.17314910889 2047.26963806152 1919.14855957031 1788.50598907471 2289.8684463501 2354.52324676514 1190.55989837646 1099.12349319458 1040.72109222412 1335.56246948242 951.46448135376 779.080486297607 646.590145111084 537.822025299072 415.43235206604 272.848033905029 249.128531455994 256.135348320007 247.96390914917 260.816268920898 301.771980285645 330.770761489868 356.018585205078 301.665477752686 236.242300987244 189.20935344696 149.062480926514 104.360746383667 138.153389930725 148.863140106201 173.221678733826 184.143739700317
-9999 -9999 -9999 -9999 -9999 -9999 -9999 -9999 -9999 -9999 -9999 -9999 -9999 -9999 -9999 -9999 -9999 -9999 -9999 -9999 131.564237117767 132.123372077942 174.654740333557 103.73006772995 217.613494873047 639.828712463379 1268.1397857666 1774.37987518311 2021.26278686523 1442.02799224854 1612.049659729 2029.73303222656 1313.48776626587 860.106842041016 865.057048797607 821.800941467285 766.919334411621 687.05982208252 562.751510620117 466.66591835022 381.830774307251 260.071730613708 255.242416381836 278.568305969238 250.273151397705 246.640411376953 255.152842521667 286.07862663269 304.146785736084 288.84087562561 229.882210731506 200.396287918091 186.261346817017 149.734072685242 146.586530685425 179.452702522278 222.930291175842 266.182056427002
-9999 -9999 -9999 -9999 -9999 -9999 -9999 -9999 -9999 -9999 -9999 -9999 -9999 -9999 -9999 -9999 -9999 -9999 -9999 121.602696895599 98.8582286834717 241.681367874146 105.084407329559 85.9825868606567 221.366644859314 574.030084609985 1576.91033172607 1700.58256530762 1909.02167510986 1442.11338806152 1195.84881210327 1062.44550704956 1304.56122589111 1026.49533081055 848.181533813477 787.83260345459 705.673294067383 644.869869232178 432.312957763672 391.084276199341 347.34815788269 343.373023986816 321.353775024414 282.523765563965 243.347876548767 242.332553863525 235.811566352844 240.313243865967 279.710369110107 316.441526412964 309.697416305542 235.462178230286 191.277942657471 170.457463264465 174.2780418396 197.517491340637 229.493923187256 281.013774871826
-9999 -9999 -9999 -9999 -9999 -9999 -9999 -9999 -9999 -9999 -9999 -9999 -9999 -9999 -9999 -9999 -9999 -9999 -9999 88.1567845344543 268.342623710632 394.87154006958 256.0546875 92.8303136825562 221.449132919312 720.276847839355 1514.44148254395 1803.21256256104 1931.05840301514 1395.56739807129 1482.30520629883 1009.39960479736 1137.34375762939 926.071430206299 785.548629760742 1647.82209014893 950.809509277344 573.001476287842 458.298431396484 369.779342651367 338.223932266235 357.264284133911 310.972078323364 296.418272018433 262.945631027222 237.592043876648 223.910504341125 258.232872009277 241.131628036499 264.45728969574 246.31627368927 223.960289001465 189.640765190125 167.089146614075 170.562459945679 204.200675964355 231.70436000824 276.440217971802
-9999 -9999 -9999 -9999 -9999 -9999 -9999 -9999 -9999 -9999 -9999 -9999 -9999 -9999 -9999 -9999 -9999 -9999 -9999 88.6957793235779 290.720808029175 772.794809341431 427.670653343201 126.335570335388 196.348794937134 533.272100448608 960.861351013184 1698.46122741699 1971.4774017334 1235.88803863525 1350.58657836914 1196.55744171143 799.438945770264 1166.13641357422 669.413505554199 407.648078918457 496.346351623535 460.25489616394 359.883230209351 298.676071166992 313.908798217773 307.129272460938 303.344226837158 279.330247879028 260.824688911438 219.10457611084 216.162592887878 258.288307189941 244.335664749146 261.119913101196 151.778780937195 47.8194929361343 64.1082558631897 91.1329185962677 133.381772041321 199.355786323547 208.483374595642 205.891761779785
-9999 -9999 -9999 -9999 -9999 -9999 -9999 -9999 -9999 -9999 -9999 -9999 -9999 -9999 -9999 -9999 -9999 -9999 -9999 -9999 156.794070243835 432.461366653442 96.9913930892944 246.579811096191 374.414283752441 942.171157836914 1392.88623809814 1388.26543426514 1937.96659851074 1200.79442596436 1205.59391784668 1123.11066436768 684.546329498291 1106.74081420898 796.201282501221 338.92395401001 350.081165313721 554.171096801758 540.286600112915 365.919013977051 272.672079086304 283.568725585938 311.172273635864 297.59888458252 266.33208656311 209.380059242249 196.839240074158 224.991018295288 222.539529800415 249.156665802002 226.220708847046 116.456190109253 25.8675013780594 28.326907813549 89.4422030448914 135.712770462036 143.060693740845 154.862895965576
-9999 -9999 -9999 -9999 -9999 -9999 -9999 -9999 -9999 -9999 -9999 -9999 -9999 -9999 -9999 -9999 -9999 -9999 -9999 -9999 203.842435836792 510.216571807861 302.102672576904 248.2517786026 404.480283737183 717.451253890991 1270.74634552002 1309.01387023926 1411.50540924072 1271.74879455566 1217.4432220459 1108.52598571777 831.696147918701 805.977546691895 642.44412612915 487.079746246338 425.265626907349 449.166633605957 484.834568023682 478.619890213013 427.89331817627 349.155994415283 246.285930633545 255.678538322449 259.34236240387 226.162347793579 185.770642280579 182.828176498413 165.61240196228 200.015846252441 212.168278694153 134.845796585083 47.2110147476196 77.9168934822083 25.9398404955864 20.8075841069221 40.8440895080566 73.5162434577942
-9999 -9999 -9999 -9999 -9999 -9999 -9999 -9999 -9999 -9999 -9999 -9999 -9999 -9999 -9999 -9999 -9999 -9999 -9999 -9999 199.104588985443 492.29546546936 211.050107955933 169.515817642212 268.183162689209 600.563352584839 1240.99417114258 1291.77647399902 1332.96002197266 1546.765625 955.794082641602 938.719696044922 956.210285186768 752.234680175781 649.543087005615 503.370082855225 500.145732879639 361.402448654175 349.845895767212 348.525911331177 353.898571014404 367.835401535034 279.308860778809 223.985807418823 221.678537368774 197.740610122681 185.865472793579 188.615204811096 164.644222259521 151.391592979431 143.047194480896 107.140100002289 58.2067360877991 71.5027022361755 77.6637442111969 39.751100063324 26.6570098996162 23.6030932068825
-9999 -9999 -9999 -9999 -9999 -9999 -9999 -9999 -9999 -9999 -9999 -9999 -9999 -9999 -9999 -9999 -9999 -9999 -9999 -9999 278.945203781128 455.929039001465 44.4840228557587 241.016308307648 277.593371391296 643.574224472046 1384.21022796631 1267.36898803711 1291.30095672607 1790.98242950439 1474.94316864014 1114.42163848877 903.128620147705 708.298992156982 692.951366424561 542.975955963135 533.083429336548 370.776840209961 355.311223983765 327.57696723938 377.810167312622 322.892967224121 306.967267990112 266.999792098999 249.124633789062 199.699912071228 196.530838012695 187.668270111084 173.600228309631 164.786603927612 134.31321144104 139.251788139343 88.2492432594299 77.7033081054688 40.488685131073 62.9886705875397 31.9076734781265 25.1326098442078
-9999 -9999 -9999 -9999 -9999 -9999 -9999 -9999 -9999 -9999 -9999 -9999 -9999 -9999 -9999 -9999 -9999 -9999 -9999 -9999 -9999 112.974378228188 51.2047543525696 78.4481725692749 253.147964477539 444.399450302124 655.580627441406 1391.77506256104 1253.37785339355 1410.95050048828 1463.85356903076 1158.99625396729 971.548126220703 965.154396057129 762.11926651001 591.925201416016 561.52123260498 436.91778755188 545.91152381897 430.327621459961 258.765811920166 271.378848075867 292.355247497559 275.196117401123 222.374349594116 204.512629508972 171.730821609497 182.30441570282 177.195521354675 156.189745903015 133.342339515686 111.504042625427 86.9807085990906 83.4373178482056 85.9812278747559 35.5776557922363 25.605233669281 12.7046597003937
-9999 -9999 -9999 -9999 -9999 -9999 -9999 -9999 -9999 -9999 -9999 -9999 -9999 -9999 -9999 -9999 -9999 -9999 -9999 -9999 -9999 94.3495297431946 89.099205493927 207.016716003418 215.576111793518 520.477197647095 787.021003723145 1343.14540100098 1575.16136169434 1250.94525146484 1522.670753479 1114.87644195557 886.867656707764 826.286209106445 758.837291717529 664.630290985107 592.083059310913 732.591167449951 749.43579864502 532.006860733032 284.99910736084 257.188797950745 304.160271644592 284.119556427002 260.262896537781 230.670828819275 149.065048694611 131.063255310059 177.872665405273 129.052414894104 109.842125415802 99.8556489944458 89.3617024421692 72.0214285850525 70.1429100036621 25.3539465665817 25.2423565387726 21.4152518510818
-9999 -9999 -9999 -9999 -9999 -9999 -9999 -9999 -9999 -9999 -9999 -9999 -9999 -9999 -9999 -9999 -9999 -9999 -9999 -9999 -9999 -9999 207.195690155029 219.840620994568 285.079811096191 709.920343399048 1010.11783218384 1059.62711715698 1353.10863494873 1170.52976226807 1147.82202148438 1017.22708892822 777.552478790283 678.723724365234 530.298645019531 412.418445587158 430.948585510254 786.477180480957 766.675399780273 600.491409301758 365.784374237061 201.865651130676 123.726149082184 213.374284744263 264.466596603394 239.073342323303 167.723142147064 109.782318115234 142.274730682373 132.611557483673 111.652711391449 98.2033700942993 87.7898144721985 86.1509561538696 53.4813387393951 26.6158250570297 21.8945227861404 22.2534668445587
-9999 -9999 -9999 -9999 -9999 -9999 -9999 -9999 -9999 -9999 -9999 -9999 -9999 -9999 -9999 -9999 -9999 -9999 -9999 -9999 -9999 315.365224838257 118.766748845577 378.614194869995 315.156524658203 557.645793914795 1216.53455352783 1166.95149993896 1201.55490875244 962.08517074585 979.086208343506 1017.43057632446 745.172294616699 685.335906982422 586.191246032715 547.121826171875 590.945281982422 748.550357818604 646.577575683594 524.902875900269 492.45849609375 303.579183578491 204.196591377258 179.363319396973 237.121506690979 234.755990982056 201.15599822998 143.962423324585 130.280307769775 107.090071201324 104.903049468994 89.7083024978638 66.3195796012878 56.212381362915 32.9313756227493 33.3859386444092 27.4596232175827 23.7174491882324
-9999 -9999 -9999 -9999 -9999 -9999 -9999 -9999 -9999 -9999 -9999 -9999 -9999 -9999 -9999 -9999 -9999 -9999 -9999 -9999 -9999 77.4810183048248 101.118547230959 244.557054519653 578.281391143799 574.634439468384 1182.73573303223 1352.9412689209 1223.31491088867 903.398082733154 1083.83891296387 891.374805450439 605.405506134033 781.051860809326 894.596992492676 893.75191116333 882.277545928955 972.589092254639 799.154075622559 635.277778625488 534.171100616455 340.987102508545 254.794196128845 271.399973869324 190.965394973755 195.962097167969 194.728878974915 138.451586723328 150.338232517242 134.978933811188 100.073964118958 71.1658937931061 80.7808208465576 71.5763735771179 62.8862881660461 57.2010035514832 52.0230302810669 38.0394186973572
-9999 -9999 -9999 -9999 -9999 -9999 -9999 -9999 -9999 -9999 -9999 -9999 -9999 -9999 -9999 -9999 -9999 -9999 -9999 -9999 214.648398399353 198.839057922363 304.2932472229 276.547843933105 602.682176589966 997.136665344238 1101.70414733887 1497.84140777588 1185.93973922729 902.814834594727 1014.87525177002 923.29434967041 859.157260894775 966.573768615723 1195.51914215088 1076.11901092529 1089.89610290527 1102.50730133057 978.175689697266 770.729026794434 601.721340179443 424.435743331909 326.009387969971 308.096162796021 167.157961368561 108.300200939178 167.141654014587 48.728577375412 38.4830001592636 65.0069134235382 122.308300495148 109.936189651489 74.911416053772 51.6469926834106 51.2753863334656 51.1061425209045 29.4406032562256 35.9260067939758
-9999 -9999 -9999 -9999 -9999 -9999 -9999 -9999 -9999 -9999 -9999 -9999 -9999 -9999 -9999 -9999 -9999 -9999 -9999 -9999 317.225208282471 308.632493972778 180.95783996582 125.928279876709 241.049022674561 310.620663642883 1119.13236236572 1352.10636138916 1567.33758544922 1085.12776565552 784.114650726318 940.502143859863 805.48747253418 1132.19720458984 1197.47492218018 1100.54532623291 1196.26612854004 1136.43904876709 1052.88799667358 860.534175872803 706.398414611816 540.521097183228 395.256330490112 312.793592453003 165.866590023041 101.609351158142 129.53405714035 159.184412002563 132.39527797699 105.20867395401 117.352082252502 108.869284629822 87.1876149177551 63.0103900432587 28.6047616004944 47.794844865799 29.5998386144638 23.110563993454
-9999 -9999 -9999 -9999 -9999 -9999 -9999 -9999 -9999 -9999 -9999 -9999 -9999 -9999 -9999 -9999 -9999 -9999 -9999 -9999 206.004690170288 270.747802734375 132.749584197998 176.126745223999 770.39720916748 1073.07250595093 1178.11416625977 1364.22955703735 1329.61783599854 1158.9496383667 831.325286865234 860.607879638672 768.472244262695 1152.7939453125 1004.02167510986 935.85196685791 1185.15727996826 1073.67447280884 945.898319244385 813.656669616699 709.804569244385 601.09635925293 468.274808883667 384.70890045166 302.021041870117 192.596607208252 139.028141021729 171.493523597717 106.091407775879 28.4990043640137 -9999 63.4335205554962 90.4212718009949 58.8520243167877 48.6928877830505 39.0598313808441 26.0813962221146 23.6658943891525
-9999 -9999 -9999 -9999 -9999 -9999 -9999 -9999 -9999 -9999 -9999 -9999 -9999 -9999 -9999 -9999 -9999 -9999 -9999 -9999 81.601078748703 232.787247657776 112.178531169891 180.697799682617 417.230134963989 1182.98541259766 1216.73471832275 1123.46999740601 1465.60422515869 945.482513427734 1007.81365203857 813.727890014648 817.278327941895 1165.01779937744 909.234943389893 904.372463226318 1189.30960845947 988.931552886963 876.779472351074 842.584506988525 787.655162811279 730.196395874023 687.317470550537 573.090099334717 457.855314254761 366.85053062439 269.975833892822 222.917321205139 145.006772994995 120.022568702698 -9999 -9999 89.8905792236328 63.7108273506165 59.0477278232574 53.0576746463776 36.6454000473022 21.9336972236633
-9999 -9999 -9999 -9999 -9999 -9999 -9999 -9999 -9999 -9999 -9999 -9999 -9999 -9999 -9999 -9999 -9999 -9999 -9999 -9999 319.669588088989 291.583576202393 151.022362709045 185.774562358856 294.934138298035 907.355926513672 1243.96585083008 1261.44068145752 1367.42063903809 1068.94584655762 1061.75266265869 1080.26977157593 973.232013702393 1228.82944488525 906.349609375 899.971881866455 902.988338470459 882.573780059814 909.314071655273 878.908336639404 903.635414123535 858.925403594971 963.049839019775 932.507213592529 807.792274475098 535.117897033691 380.80389213562 248.926820755005 130.642422676086 113.096923351288 -9999 -9999 -9999 -9999 -9999 -9999 -9999 -9999
-9999 -9999 -9999 -9999 -9999 -9999 -9999 -9999 -9999 -9999 -9999 -9999 -9999 -9999 -9999 -9999 -9999 -9999 -9999 -9999 303.379655838013 282.963634490967 246.109565734863 68.4578371047974 463.331714630127 808.478538513184 1210.08477783203 1160.79960250854 1369.62678527832 1135.24588775635 1125.90385437012 940.973232269287 1092.85816192627 996.346240997314 905.329948425293 895.654159545898 879.727035522461 867.01197052002 914.697200775146 1031.96106719971 1102.34735107422 1099.9289855957 1208.35014343262 1295.0559387207 1026.14168548584 618.708480834961 444.416244506836 294.738912582397 181.878103256226 161.797530174255 -9999 -9999 -9999 -9999 -9999 -9999 -9999 -9999
-9999 -9999 -9999 -9999 -9999 -9999 -9999 -9999 -9999 -9999 -9999 -9999 -9999 -9999 -9999 -9999 -9999 -9999 -9999 -9999 268.809812545776 273.711520195007 207.832437515259 143.783366203308 210.712805747986 628.605134963989 1015.09272766113 1077.56610107422 1443.29029083252 1388.2135848999 1181.36218261719 1375.78848266602 1480.76477813721 1053.09831237793 959.05403137207 969.834831237793 1009.81719207764 959.506057739258 1260.89340209961 1221.5366973877 1056.02300262451 1179.20654296875 1051.90469360352 1089.26245117188 906.360260009766 704.133312225342 437.068881988525 340.36834526062 234.049824714661 41.1221253871918 -9999 -9999 -9999 -9999 -9999 -9999 -9999 -9999
-9999 -9999 -9999 -9999 -9999 -9999 -9999 -9999 -9999 -9999 -9999 -9999 -9999 -9999 -9999 -9999 -9999 -9999 -9999 -9999 156.042799472809 67.6875388622284 25.6754525899887 116.358030319214 395.730710983276 893.776168823242 1114.01796722412 1030.37663269043 1368.36938476562 1434.71709442139 1243.32330322266 1189.42376708984 1240.020652771 1228.86586761475 1250.88493347168 1245.66600799561 1395.10822296143 1113.94697570801 1365.48169708252 1270.79598236084 1083.68407440186 1078.55787658691 896.509578704834 716.717525482178 651.520877838135 577.617000579834 419.724382400513 344.0266456604 260.849869728088 55.1561453342438 -9999 -9999 -9999 -9999 -9999 -9999 -9999 -9999
