drivs.asc
NCOLS 265 
NROWS 340 
XLLCORNER -3110163.8955 
YLLCORNER -3147031.214 
CELLSIZE 25000 
NODATA_value -9999 
[rows 75 to 99 of 340, columns 171 to 227 of 265]
0.953999506111142 0.945694750726612 0.941103970312643 0.936925445546165 -9999 0.925111594917993 0.918372607400812 0.912356327515774 0.90502830535572 0.897417039050116 0.889583308927857 0.881566211794018 0.873400278429018 0.865121057668772 0.856747801213619 0.848648712151971 -9999 0.830219632591923 -9999 -9999 -9999 -9999 -9999 -9999 -9999 -9999 -9999 -9999 -9999 -9999 -9999 -9999 -9999 -9999 -9999 -9999 -9999 -9999 -9999 -9999 -9999 -9999 -9999 -9999 -9999 -9999 -9999 -9999 -9999 -9999 -9999 -9999 -9999 -9999 -9999 -9999 -9999
0.956278852553831 0.950466393872643 0.949973426120163 -9999 0.940185690805599 -9999 0.926101490269302 0.917889455797409 0.910096190088243 0.902076915499319 0.893889957254564 0.885571824531485 0.877149641367763 0.868621412311775 0.860023957073605 0.851372993273456 0.842677847866197 0.83399105012172 -9999 -9999 -9999 -9999 -9999 -9999 -9999 -9999 -9999 -9999 -9999 -9999 -9999 -9999 -9999 -9999 -9999 -9999 -9999 -9999 -9999 -9999 -9999 -9999 -9999 -9999 -9999 -9999 -9999 -9999 -9999 -9999 -9999 -9999 -9999 -9999 -9999 -9999 -9999
-9999 0.962556915375159 0.960813583032844 0.949870493893788 0.945551458721043 0.938295030324598 0.930607355213942 0.922614384807453 0.914400024714916 0.906012216601796 0.897499516795827 0.888898885739662 0.88022913738589 0.871503230475221 0.862723434659546 0.853899924451302 0.845050037341142 0.836178430699231 0.82728755568885 0.815743537229687 -9999 -9999 -9999 -9999 -9999 -9999 -9999 -9999 -9999 -9999 -9999 -9999 -9999 -9999 -9999 -9999 -9999 -9999 -9999 -9999 -9999 -9999 -9999 -9999 -9999 -9999 -9999 -9999 -9999 -9999 -9999 -9999 -9999 -9999 -9999 -9999 -9999
0.97391036498091 -9999 0.965316387772732 0.958606792539016 0.951129906660836 0.943163090995939 0.934884663333786 0.926407535092344 0.917802602296961 0.90910664009509 0.900341025805317 0.891500503012404 0.882622588628356 0.873718143350384 0.864792930377324 0.855849158110487 0.846872452677891 0.837886000426638 0.829100246723472 0.823776234687034 0.815499373521773 0.810301015059748 -9999 -9999 -9999 -9999 -9999 -9999 -9999 -9999 -9999 -9999 -9999 -9999 -9999 -9999 -9999 -9999 -9999 -9999 -9999 -9999 -9999 -9999 -9999 -9999 -9999 -9999 -9999 -9999 -9999 -9999 -9999 -9999 -9999 -9999 -9999
0.983116783259346 0.978866337361137 0.971565565355652 0.963681786578564 0.955335706367022 0.946745156708474 0.938006087206433 0.929144345130954 0.920229709480041 0.911280866819492 0.902307762703536 0.893315782282203 0.884294933167019 0.875256557146215 0.866214088198472 0.857168721811508 0.848180818541397 0.840996542417885 0.835041349924249 0.829356191742097 0.82347096588608 0.817305253143216 0.811400990989351 -9999 -9999 -9999 -9999 -9999 -9999 -9999 -9999 -9999 -9999 -9999 -9999 -9999 -9999 -9999 -9999 -9999 -9999 -9999 -9999 -9999 -9999 -9999 -9999 -9999 -9999 -9999 -9999 -9999 -9999 -9999 -9999 -9999 -9999
0.990792366095155 0.984227286127949 0.975710776927981 0.966810555349501 0.957821202116012 0.948789948112405 0.939739244686624 0.930677915653717 0.921596597439697 0.912491146844362 0.903388455938691 0.894289275055378 0.885193368054943 0.876096297257324 0.866989473049991 0.859692447844924 0.854011870980347 0.848158232456445 0.84247952071123 0.836630677125402 0.830477466758622 0.824063568041422 0.817416917235386 0.812194066005417 -9999 -9999 -9999 -9999 -9999 -9999 -9999 -9999 -9999 -9999 -9999 -9999 -9999 -9999 -9999 -9999 -9999 -9999 -9999 -9999 -9999 -9999 -9999 -9999 -9999 -9999 -9999 -9999 -9999 -9999 -9999 -9999 -9999
0.994761382412271 0.985645542788884 0.9765315900596 0.96741956367353 0.958295819622015 0.949161288505244 0.940290147565817 0.931291821779428 0.922255704669048 0.913346858356733 0.904375160515379 0.895375268252208 0.886359077581129 0.877920548702267 0.872539511985117 0.86711463198001 0.861294114546905 0.855579479020645 0.849783471370282 0.843653404987605 0.837230910788463 0.83055635914429 0.826606421407186 0.816809007290273 -9999 -9999 -9999 -9999 -9999 -9999 -9999 -9999 -9999 -9999 -9999 -9999 -9999 -9999 -9999 -9999 -9999 -9999 -9999 -9999 -9999 -9999 -9999 -9999 -9999 -9999 -9999 -9999 -9999 -9999 -9999 -9999 -9999
0.994129019383595 0.985925458926865 0.977507992253306 0.968878287309771 0.960022276695358 0.95106960249087 0.942026957665628 0.932952243112097 0.923865376776972 0.914771988517224 0.905675100709637 0.896565186115768 0.890294383163564 0.885497274774346 0.880190992476642 0.874439631678649 0.868665930192116 0.862924794463538 0.856815288253744 0.850393800581823 0.843699232528724 0.836755911651333 0.829529531316808 -9999 0.815399049623741 -9999 -9999 0.791958681306782 0.785190046013484 -9999 -9999 -9999 -9999 -9999 -9999 -9999 -9999 -9999 -9999 -9999 -9999 -9999 -9999 -9999 -9999 -9999 -9999 -9999 -9999 -9999 -9999 -9999 -9999 -9999 -9999 -9999 -9999
0.997612578732782 0.988464860477458 0.979260276382674 0.970095215711154 0.960943923078397 0.951799723071704 0.942660206480789 0.933514798846744 0.924341939306409 0.915179827066388 0.90721561529535 0.902953500771305 0.898399367465704 0.893240949405392 0.887568038466469 0.881735112810893 0.876056570373861 0.869982781698584 0.863553596011633 0.856824586001222 0.849836630299623 0.842748793612075 0.835765481493071 0.826774088823591 0.820261205162684 0.813622746076073 0.805749122862552 0.797911661777352 0.789967787232237 0.781929620848267 0.774037671476321 -9999 -9999 -9999 -9999 -9999 -9999 -9999 -9999 -9999 -9999 -9999 -9999 -9999 -9999 -9999 -9999 -9999 -9999 -9999 -9999 -9999 -9999 -9999 -9999 -9999 -9999
0.995970509589948 0.987637601551253 0.978624984460928 0.969514744498067 0.960364757068483 0.951216793719393 0.942070902078235 0.932927115883196 0.923872626687097 0.918888845360428 0.915444598785286 0.911204724416708 0.906247603434333 0.900688890158485 0.894791471475108 0.889171853930647 0.883134340238446 0.876708977359252 0.869953698742391 0.862905903520133 0.855817000074931 0.848705326625743 0.840452392501331 0.834013400552989 0.826296099004835 0.818501527639412 0.810583080090426 0.802553846546539 0.794420034769829 0.786203499999167 0.777909863266786 0.769621870260184 0.761831759481143 0.75122343076037 -9999 -9999 -9999 -9999 -9999 -9999 -9999 -9999 -9999 -9999 -9999 -9999 -9999 -9999 -9999 -9999 -9999 -9999 -9999 -9999 -9999 -9999 -9999
0.994953799737381 0.986817301009148 0.977856254884947 0.968778926758197 0.959664403306617 0.950489373220909 0.941308062589522 0.933086162517013 0.93043540119731 0.927683056183056 0.923886034392519 0.919197859362168 0.913781527671948 0.907846291745253 0.902272281308337 0.896292306603292 0.889861144274599 0.8830605065529 0.875989968422581 0.868888751765405 0.861757318022942 0.854390039727254 0.846826303092869 0.839094412739 0.831207437869545 0.823184564368679 0.815055000779589 0.806832769124132 0.798526205584462 0.790132684313505 0.78167801792491 0.773169490604915 0.764608788518894 0.755994638203912 0.748528523465325 0.750298461542101 -9999 0.756493341194607 -9999 -9999 -9999 -9999 -9999 -9999 -9999 -9999 -9999 -9999 -9999 -9999 -9999 -9999 -9999 -9999 -9999 -9999 -9999
0.99395874736349 0.985569349229192 0.976579839987395 0.967483852496579 0.958351945074999 0.949207006881457 0.942138857157737 0.9413590571 0.939513226090848 0.936352527059557 0.93205767551784 0.926857461274757 0.920916556403176 0.915342395600733 0.909432273291643 0.903010233688706 0.896172073065932 0.889085557268251 0.881982114054926 0.874780213740271 0.867333006069948 0.85967307317492 0.851829240781254 0.843831283131733 0.835709491457812 0.827479986994681 0.819145442613077 0.810731835087964 0.802248301383497 0.793705136191076 0.785097299546539 0.776445814870571 0.767754379457132 0.759023830034137 0.756581838145448 0.759324397914051 0.7617352120666 0.764382548519939 0.765494244710837 0.766838023633082 0.767816732719068 0.768425469414416 0.768648415489541 0.770021964149542 -9999 -9999 -9999 -9999 -9999 -9999 -9999 -9999 -9999 -9999 -9999 -9999 -9999
0.993498345116019 0.985262508877784 0.976333751701572 0.967279306430461 0.958180512162495 0.952258686111242 0.951355691593668 0.950646905219827 0.948466763322814 0.944766129732124 0.939873697826323 0.934054004607591 0.928377902820183 0.922576950106888 0.916153551279321 0.909249561925644 0.902166248323919 0.895074250592416 0.887783393683943 0.880224044777042 0.872448832817232 0.864495598382577 0.856382346065751 0.848132558051045 0.839780658082705 0.831342425124123 0.822827976407281 0.814231440411115 0.805582251855783 0.796887654760625 0.788152287259306 0.779365133489252 0.770548611178461 0.76345901241382 0.765457943065952 0.768314196877871 0.7708164234419 0.772964284947015 0.774746267218538 0.776155191392526 0.777179441204692 0.777808533751613 0.778048908873933 0.777900132347141 0.777362970271749 -9999 -9999 -9999 -9999 -9999 -9999 -9999 -9999 -9999 -9999 -9999 -9999
0.994413343876519 0.985634737249458 0.976916209466316 0.968411851075968 0.962366329986865 0.961583940711943 0.960638995593941 0.959899321538974 0.957195229830565 0.952825573034319 0.947186337859192 0.941353612529543 0.935699912753031 0.929297589093469 0.922327869954443 0.91523342498767 0.908133053903824 0.900740989804402 0.893068023521382 0.885159819026792 0.877060077589452 0.868806417457451 0.860434819270237 0.851963840403168 0.843393960349848 0.834755090101448 0.826058334179704 0.817314678473077 0.808512388587244 0.799676363858914 0.790809304242867 0.78191651985801 0.772986678335143 0.771199666747653 0.77428096980621 0.777251174120415 0.779864822500798 0.782111915510662 0.783980950843903 0.785450015993671 0.786518049629694 0.787184190711483 0.787444526641008 0.787297859498981 0.786730128181496 0.785796043499994 -9999 -9999 -9999 -9999 -9999 -9999 -9999 -9999 -9999 -9999 -9999
0.99721435018675 0.988370033041599 0.979213543571227 0.971796261840533 0.971612742755137 0.970898001775641 0.969885648102255 0.969000872641246 0.965593732105089 0.960300433522406 0.954263307085545 0.948817833336358 0.942427343790814 0.935416835073137 0.92831534906243 0.921187264643108 0.913653498627214 0.905817822667185 0.897751538930977 0.889505910919484 0.881103605967563 0.872574274060773 0.863956796903803 0.85526758673337 0.846516965517817 0.837695086807014 0.82883437910314 0.819941126642374 0.81102024342522 0.802055809603666 0.793071962709498 0.784072530507514 0.776899397447093 0.779968378533866 0.783088841556649 0.786144326967097 0.788880358752706 0.791234604468914 0.793180654432558 0.794721865255349 0.795848036504093 0.796554185225371 0.796830322609444 0.796668516415743 0.796081725298886 0.795073944369115 0.793651458307161 0.793453255384782 -9999 -9999 -9999 -9999 -9999 -9999 -9999 -9999 -9999
0.997238142883463 0.988560495041425 0.980539869245683 0.980364434511877 0.980915968571623 0.980201007200002 0.979113090030195 0.977916625001876 0.973369016356086 0.96712135002376 0.961898082468421 0.955567044538822 0.948503091481282 0.941416572124755 0.9341740286022 0.926480336490429 0.918471011402074 0.910208797640905 0.901766487609041 0.893188102261705 0.884511155432706 0.87575290343893 0.866913655398306 0.858025296493473 0.849097884434217 0.840140096289987 0.831136446266327 0.822111799824352 0.813069716105034 0.804016946674976 0.79497572668656 0.78595409408826 0.785082324653621 0.788673976247794 0.791904920581705 0.794990311960872 0.797854315705629 0.800310361464936 0.802355523834074 0.803978910504396 0.805169907780542 0.805907204896385 0.806193658442713 0.806033006302222 0.80542645708694 0.80437799699496 0.802877614397893 0.800953380825452 -9999 -9999 -9999 -9999 -9999 -9999 -9999 -9999 -9999
0.999293448906904 0.991814730402281 0.987267006753996 0.988998337933872 0.99020827596263 0.989448047983448 0.988238559235012 0.986303005016893 0.979818029123306 0.974912666036298 0.968660953978207 0.961579375561809 0.954505622603128 0.947124261236451 0.939182382106853 0.93091728263412 0.922433660150081 0.913796762939899 0.905026362444302 0.896161390363973 0.887238950239767 0.878272426945685 0.869267780203956 0.860211478305889 0.851136368739729 0.842099237486289 0.833058659809178 0.824062948156685 0.815044680481361 0.806009439548158 0.796959980991993 0.789719851555292 0.793561750028019 0.797314667154644 0.800700027659494 0.803778483883766 0.806771261194871 0.809354275066775 0.811508982021075 0.81322215623269 0.814464054846604 0.815243034265771 0.815553251002017 0.815393552513501 0.814756571543496 0.81364465735069 0.812077618075875 0.810066960077579 0.807626590668232 0.804908296146349 -9999 -9999 -9999 -9999 -9999 -9999 -9999
0.997749103060761 0.99743522773935 0.995682716282784 0.995591129044048 0.999489797269987 0.997989854164233 0.996493562240275 0.992731121404811 0.987630167427747 0.981774201088549 0.974652964200429 0.967559060549859 0.959899168373121 0.951660085359388 0.943109277718728 0.934330190594272 0.925437655335511 0.9164657491733 0.907441151744347 0.898367404901806 0.88924830425046 0.880251576652959 0.871232470147213 0.862244127691605 0.853202230540812 0.844138402689194 0.835056045606938 0.825960230603578 0.816834462013819 0.8076985447575 0.798666702340861 0.797703990458608 0.801961294593299 0.805886882028355 0.809425677272904 0.812578601248495 0.815643271697498 0.818362987457962 0.820633607488755 0.822426519806595 0.823743067865929 0.82457340569385 0.824910409113746 0.824734763469412 0.824060689180195 0.822898420347124 0.821257721624893 0.819146902675725 0.816572415112373 0.813568016086548 0.811132081604589 -9999 -9999 -9999 -9999 -9999 -9999
0.99194616945728 0.997410955491565 0.997039576893803 0.998773063145737 0.99955622638314 0.995959605763603 0.996802343219268 0.998491566266352 0.994458583555612 0.987673880693968 0.980570562360449 0.972397026310165 0.963659165900736 0.95470924491344 0.945658754943195 0.936558632971752 0.92739148824411 0.918460865394878 0.909468659163098 0.900472064374809 0.89142460235347 0.882323079491197 0.873201708036861 0.864065184127534 0.854916461191696 0.845733977491022 0.836545598252737 0.827353989518282 0.818160087519659 0.808944708780272 0.803512844763226 0.806048349034425 0.81027189630441 0.81437083287918 0.818079453884495 0.821376221781525 0.824465235235625 0.82732508348381 0.829711456448264 0.831613479156656 0.833012974581168 0.833897501476027 0.83424135144657 0.834060597284542 0.833357579110863 0.83213919100617 0.830402452331817 0.828169650614878 0.825467842670015 0.82231882534573 0.818771796443332 -9999 -9999 -9999 -9999 -9999 -9999
0.985567797102551 0.988149858316698 0.988685925999512 0.989636938992711 0.994734936569644 1 0.992440502416761 0.994627155705332 0.997732156412264 0.992765754568598 0.98378060703425 0.974651849279028 0.965440666684626 0.956683791121806 0.947755774807339 0.938759051590122 0.929690260976796 0.920549276471549 0.911371329151481 0.902177801339806 0.89297312034517 0.883756924929624 0.874511790748409 0.865266780780987 0.856022048863294 0.846778971064474 0.837514989928177 0.828253180537682 0.818994940897676 0.81148561944926 0.812528778150893 0.8144205734943 0.818487900727922 0.822764337948099 0.826662427961498 0.830136241973579 0.833221104739585 0.836230901061946 0.83875942434537 0.840780370602531 0.84226513982837 0.843191170181511 0.843565308677237 0.843383582500946 0.842647814704007 0.841342410633465 0.839505231393043 0.83715448678671 0.834311799063338 0.830990917775391 0.827222175437704 0.823974731154827 -9999 -9999 -9999 -9999 -9999
0.977245920483593 0.978899134370402 0.979566827453795 0.988054712614803 0.996128826059549 0.99687795118044 0.990073615475455 0.988767818906838 0.99805846297562 0.994013947195229 0.985969863333935 0.977064804916086 0.96795329242553 0.958743210105076 0.949462157652204 0.940180536750715 0.930901791045983 0.921625864942293 0.912329984508121 0.903022695407197 0.893723943159343 0.884432421168933 0.87514401705673 0.865834863567172 0.856534154212048 0.847240943740325 0.83795444454707 0.828651494021255 0.81982466280264 0.819424776482323 0.821637956263849 0.823406216072454 0.826828246880888 0.831054524591595 0.835165193383719 0.838816209012015 0.842009667007537 0.845085872874081 0.847774056522065 0.849912634565645 0.851484722862499 0.852480575116948 0.852888523231428 0.852696600604946 0.851898024082281 0.850520186729911 0.848579173980176 0.846096591036967 0.843075100099398 0.839567212695695 0.835605921271353 0.831221564034689 0.828382471951709 -9999 -9999 -9999 -9999
0.972042104185111 0.977341588088449 0.984006058151159 0.992234573696649 0.998657020648585 0.996149665940335 0.986840753476858 0.989523704667302 0.998828133788069 0.994285787727881 0.986200833351251 0.977173706123971 0.967994394765992 0.958766034343832 0.949508659891434 0.940192398456321 0.930886065975187 0.921587098586278 0.912293961591503 0.902988934966099 0.893670979079068 0.884362112253717 0.875060865932444 0.865764508032556 0.856448191771277 0.847140356602174 0.837840027588996 0.828562834141345 0.825986362506563 0.82837974828692 0.830698705807281 0.8325231919748 0.835165350899349 0.839257090050401 0.843552416377944 0.847416746766977 0.850789156899094 0.853882384253958 0.856730073205513 0.859006842477747 0.860692356948733 0.861765994763999 0.862195679513739 0.861981927258551 0.861139286483312 0.859679340156651 0.857612155666939 0.854955160934149 0.851758524410441 0.848054447593099 0.843880305477022 0.839253996902378 0.834229071500169 0.82994005187341 -9999 -9999 -9999
0.980270499718157 0.982949311491849 0.990348484549274 0.996037667749301 1 0.991540566195617 0.984674507983394 0.989785278408369 0.998079929494542 0.995201730049142 0.985888141814849 0.976511379795756 0.967170341536451 0.957845053922868 0.948528628078361 0.939218268247431 0.929937203540929 0.920655368394923 0.911373290429507 0.90209181371739 0.892817952602862 0.883555314040232 0.8742924456701 0.865030013016906 0.855766976636814 0.846480266242193 0.837197888549447 0.833884449949201 0.835217559293054 0.837274516857458 0.839731280967705 0.841669353346965 0.843393247301874 0.847611002024344 0.851827716946503 0.85592744701205 0.859518687541586 0.862615768953769 0.865628072260358 0.868073455297615 0.869887663600145 0.871023868171346 0.871484149471902 0.871265432154985 0.870372164156125 0.868798433538221 0.866578121073905 0.86375269287358 0.860359478644871 0.856429606553604 0.851998081410498 0.847126383012132 0.842303735054446 0.838346838157777 0.833998642291222 0.830219632591923 -9999
0.988203257412644 0.99114316626 0.994612634103287 0.996895277186631 0.99442122317265 0.989294349287982 0.983305776947388 0.991042272259439 1 0.994413587260745 0.985086153383128 0.975761124217405 0.966438543067229 0.957118448092027 0.947800879535715 0.93848588214463 0.929173488727945 0.919863749612885 0.910556696806746 0.901252371583862 0.891950826700409 0.882646907075174 0.873335913872671 0.864029668542543 0.854727838539033 0.845431159155356 0.841186130840998 0.843018614688187 0.844416133304653 0.84612298068726 0.848732510622514 0.850792910744111 0.852356089680061 0.855937971235105 0.860024199929921 0.864331114651405 0.868142734144553 0.871384485622807 0.874471400233368 0.877102562483883 0.87903693731551 0.880266448697019 0.880773671094617 0.88054920102642 0.879565519798659 0.877870789107536 0.875496426760114 0.8724800540273 0.868844286629062 0.864655166840062 0.859967710067488 0.854828325426147 0.850743968209481 0.846616206802768 0.842042096458727 0.837061852585843 0.832321509990912
0.994843570596268 0.999865452805528 0.997408592300866 0.994766513332774 0.986745893047184 0.982549276052803 0.986093250670543 0.994280957186877 0.998848996447321 0.990672935688235 0.983010066251049 0.974317711810585 0.965290590902089 0.956099128379615 0.946830964832024 0.937546806688258 0.9282540504379 0.918956636719028 0.909641613302876 0.900323507134164 0.891008189666301 0.881695687761643 0.872386059344068 0.863079325052513 0.853775539881062 0.847825225886168 0.850042818656635 0.85211125285749 0.853604002442728 0.855000336156588 0.857693080561436 0.85987166965357 0.86144679163055 0.86414846234139 0.868375881071282 0.872593426012252 0.876670624844218 0.880152861965202 0.883242489959578 0.886059188343722 0.888160870955219 0.889505772340416 0.890060448231354 0.889791500202581 0.888734165691726 0.886911111156895 0.884356064689026 0.881089211273828 0.87719564954791 0.872733906348835 0.867763189013967 0.862985776560465 0.859122386065797 0.854760538100828 0.849940225647598 0.844692937536657 0.839069279702369
