drivs.asc
NCOLS 265 
NROWS 340 
XLLCORNER -3110163.8955 
YLLCORNER -3147031.214 
CELLSIZE 25000 
NODATA_value -9999 
[rows 150 to 174 of 340, columns 57 to 113 of 265]
-9999 -9999 -9999 -9999 -9999 -9999 -9999 -9999 -9999 -9999 -9999 -9999 -9999 -9999 -9999 -9999 -9999 -9999 -9999 -9999 -9999 -9999 -9999 0.888690328453506 0.882901984423307 0.877822129822747 0.872493331531347 0.866632868603778 0.860266691881191 0.853493654482372 0.846342852050625 0.838885415114148 0.831324748269409 0.82356992426507 0.815585993258978 0.807404732113688 0.799046961773496 0.79053099693685 0.781881162093117 0.773109037168996 0.764232732096667 0.755258328442075 0.746201784312778 0.737065564848665 0.727863596261357 0.718596491591541 0.709275527564335 0.710902271899672 0.720771861053114 0.730614199061691 0.740427257836938 0.750206355003301 0.759948025737142 0.769646764361984 0.779296993434981 0.788892098575329 0.798423288635856
-9999 -9999 -9999 -9999 -9999 -9999 -9999 -9999 -9999 -9999 -9999 -9999 -9999 -9999 -9999 -9999 -9999 -9999 -9999 -9999 -9999 -9999 -9999 -9999 -9999 0.870170627226239 0.86507992175544 0.859524589854351 0.853471774743535 0.846995283560635 0.840139366293644 0.832953556038571 0.825484516893838 0.81791801769255 0.810170426890168 0.802201600562928 0.794047686651046 0.785721922194819 0.777253222443663 0.768647201974244 0.75992851708696 0.751099288891463 0.742179387604888 0.733170902139453 0.724087948935756 0.714931631202104 0.705788742748213 0.712847131147398 0.722805759967686 0.732743151833476 0.742657012545079 0.752544193071409 0.76240112609361 0.772224017209901 0.782007494748204 0.791746839718595 0.801433892758447
-9999 -9999 -9999 -9999 -9999 -9999 -9999 -9999 -9999 -9999 -9999 -9999 -9999 -9999 -9999 -9999 -9999 -9999 -9999 -9999 -9999 -9999 -9999 -9999 -9999 -9999 0.857503151713156 0.852227212667534 0.846470567421738 0.840273351549975 0.833699115092204 0.826774804944517 0.819557704884901 0.812063691433361 0.804501086748221 0.796745445431734 0.788797744696243 0.780663701544828 0.772375887974645 0.7639402344195 0.755380025237639 0.746701487174063 0.737921158306208 0.729044011243531 0.720080309943443 0.711038803841034 0.705255922075589 0.714528371079805 0.724567888095371 0.734591580556151 0.744597184034155 0.754582663107702 0.764544745182463 0.774480930620938 0.784386390426068 0.794257973111193 0.804088498528642
-9999 -9999 -9999 -9999 -9999 -9999 -9999 -9999 -9999 -9999 -9999 -9999 -9999 -9999 -9999 -9999 -9999 -9999 -9999 -9999 -9999 -9999 -9999 -9999 -9999 -9999 0.849867079104954 0.844771520372917 0.83929049497904 0.833355416002274 0.827046412436077 0.820375131102445 0.813401724309311 0.806137771027838 0.798632316082469 0.791059883695463 0.783313203157444 0.775373456776127 0.767265573878084 0.759002740644683 0.750602713990228 0.742077309382654 0.733435221661859 0.724691233859849 0.71585394272216 0.706932926673058 0.705819762379554 0.715941648749162 0.726053397444142 0.736154034239966 0.746241535493383 0.75631475311783 0.766370824345252 0.776408315569036 0.78642314448197 0.796413344748317 0.806373052811112
-9999 -9999 -9999 -9999 -9999 -9999 -9999 -9999 -9999 -9999 -9999 -9999 -9999 -9999 -9999 -9999 -9999 -9999 -9999 -9999 -9999 -9999 -9999 -9999 -9999 -9999 0.842283582906936 0.837179757747816 0.831942940415532 0.826265359645444 0.820200513837434 0.813775779745629 0.807031772097769 0.799999301454072 0.792709259424439 0.785196100041183 0.777614515592052 0.769867438700521 0.761938567372685 0.753848860972606 0.745607176386216 0.737232768019747 0.728734855837648 0.72012916003204 0.711420693170951 0.702738474557397 0.706901966796787 0.717083376593351 0.727258106371854 0.73742576478108 0.747584678751894 0.757734293881402 0.767872348617056 0.777998031110053 0.788104651671487 0.798194696846852 0.808263695170647
-9999 -9999 -9999 -9999 -9999 -9999 -9999 -9999 -9999 -9999 -9999 -9999 -9999 -9999 -9999 -9999 -9999 -9999 -9999 -9999 -9999 -9999 -9999 -9999 -9999 -9999 0.835149602731145 0.829563600055968 0.824459911027011 0.819023850355926 0.813187117667095 0.806997071734922 0.800476131794226 0.793667537223577 0.786586813846117 0.779271998403598 0.771742596023226 0.764161028654706 0.756408858566549 0.748487750861302 0.740405380217139 0.732186650845754 0.723833835894405 0.715368053327451 0.706790133473856 0.69836351025012 0.707718719536101 0.717950535770265 0.728178667695188 0.738402927613943 0.748622180393769 0.758832927283251 0.769036046961356 0.779231842394098 0.789418345803334 0.799594767043641 0.8097584275857
-9999 -9999 -9999 -9999 -9999 -9999 -9999 -9999 -9999 -9999 -9999 -9999 -9999 -9999 -9999 -9999 -9999 -9999 -9999 -9999 -9999 -9999 -9999 -9999 -9999 -9999 0.827937592551549 0.821968409879604 0.816858670270198 0.811646769825825 0.806025575265992 0.800060484431991 0.793752821215482 0.787159113032729 0.780281928387078 0.773167481321226 0.765819181470118 0.758272250327478 0.750685888163811 0.742934278336837 0.735013441574236 0.726948699510147 0.718742839108294 0.710416362108285 0.701971613101745 0.698174405724213 0.708268062962219 0.718540909502787 0.728811699507615 0.739077539549367 0.749341224618764 0.75960255502506 0.769860778870871 0.780115523542234 0.79036582224116 0.800611136081744 0.810850118621212
-9999 -9999 -9999 -9999 -9999 -9999 -9999 -9999 -9999 -9999 -9999 -9999 -9999 -9999 -9999 -9999 -9999 -9999 -9999 -9999 -9999 -9999 -9999 -9999 -9999 -9999 0.818671238610811 0.814271731901734 0.809244676706481 0.804141425203915 0.798733877514075 0.792973790950039 0.786878000117492 0.780484773732859 0.773810144267755 0.766886311546484 0.759724350209354 0.752353605945629 0.744801809927372 0.737201812000414 0.729442919570718 0.721530173717958 0.713472191303417 0.705284552835992 0.696974299437094 0.698244931845216 0.708547603093151 0.718847521287329 0.729147645656844 0.73944785585179 0.749747928517944 0.76004769581049 0.770346883922962 0.78064528198275 0.790942538631103 0.801238358685195 0.81153226412983
-9999 -9999 -9999 -9999 -9999 -9999 -9999 -9999 -9999 -9999 -9999 -9999 -9999 -9999 -9999 -9999 -9999 -9999 -9999 -9999 -9999 -9999 -9999 -9999 -9999 -9999 -9999 0.806476506257196 0.801639849869525 0.796536060823544 0.791325972520317 0.785759873323236 0.779866156172327 0.773664888482414 0.767185117513063 0.760442474803491 0.753464890989297 0.746268020855308 0.738873210608207 0.731313778708012 0.723704772348901 0.715942539487827 0.708031723326188 0.699982576100311 0.693502214327355 0.702057989839194 0.710491187187679 0.719307068358295 0.729194293013331 0.739517642041548 0.749841848272311 0.760166866979616 0.770492591431406 0.780818945231246 0.791145838919416 0.801473182748814 0.811800868025484
-9999 -9999 -9999 -9999 -9999 -9999 -9999 -9999 -9999 -9999 -9999 -9999 -9999 -9999 -9999 -9999 -9999 -9999 -9999 -9999 -9999 -9999 -9999 -9999 -9999 -9999 -9999 0.798598256922202 0.793953651156161 0.788915002390469 0.783814077383754 0.77843144742746 0.772730195653094 0.766711412674046 0.760417247481471 0.753852804692148 0.747054802863812 0.740027420699524 0.732801305960498 0.72538088270045 0.717809368908988 0.710195771322181 0.702430942372759 0.694607758045059 0.698196720119573 0.70690727543442 0.71550341601699 0.723970419263057 0.732299591827133 0.740644865506174 0.749722174068263 0.75998271879985 0.770323476085752 0.780665074972794 0.791007476508143 0.801350604872639 0.811694422889182
-9999 -9999 -9999 -9999 -9999 -9999 -9999 -9999 -9999 -9999 -9999 -9999 -9999 -9999 -9999 -9999 -9999 -9999 -9999 -9999 -9999 -9999 -9999 -9999 -9999 -9999 -9999 0.79064712140386 0.786174327221158 0.781308157094058 0.776205718130663 0.770999754195455 0.76547559346059 0.759635310915781 0.75351855476217 0.74712927768629 0.740503353004622 0.733642888224805 0.726580677534036 0.719317005686402 0.711881606679845 0.704299243595344 0.696674819488207 0.693731945515032 0.702699787131265 0.711564596313424 0.720323418852825 0.72895864893956 0.737465087060174 0.745822392650729 0.754022378670112 0.762065046693384 0.770329527116889 0.780282800347446 0.790629502485351 0.80097604398111 0.81131917806581
-9999 -9999 -9999 -9999 -9999 -9999 -9999 -9999 -9999 -9999 -9999 -9999 -9999 -9999 -9999 -9999 -9999 -9999 -9999 -9999 -9999 -9999 -9999 -9999 -9999 -9999 -9999 0.78263135824487 0.778316600133954 0.773625079469925 0.768577285313368 0.763473465346703 0.758114871211008 0.75244953410231 0.74649989511946 0.740282445328424 0.733819872081361 0.727124669398417 0.720219121521042 0.713112000991124 0.705822180459933 0.698357773573825 0.691294111344159 0.697887677574516 0.707002167287947 0.716020897727597 0.724941207506025 0.733744672073049 0.7424285605777 0.750969928397397 0.759364054062744 0.767584112335572 0.77562145517782 0.783442983778866 0.79106253775231 0.800356537419042 0.81052746203993
-9999 -9999 -9999 -9999 -9999 -9999 -9999 -9999 -9999 -9999 -9999 -9999 -9999 -9999 -9999 -9999 -9999 -9999 -9999 -9999 -9999 -9999 -9999 -9999 -9999 -9999 -9999 0.774558063847452 0.770391322599792 0.765864284926443 0.76097316023372 0.755862211746925 0.750661761097777 0.745163537854692 0.739373953567789 0.733321946718501 0.727017083529167 0.720482266179602 0.713728049464896 0.706771450572252 0.699626822742606 0.692306840159195 0.692502313096382 0.701837173308029 0.71109552268946 0.720266898189569 0.729345846568584 0.738317819170919 0.747177275601627 0.75590416956085 0.764491610856065 0.77291216263667 0.781161203050247 0.789204587966738 0.797031776904593 0.804602816182195 0.811899875271378
-9999 -9999 -9999 -9999 -9999 -9999 -9999 -9999 -9999 -9999 -9999 -9999 -9999 -9999 -9999 -9999 -9999 -9999 -9999 -9999 -9999 -9999 -9999 -9999 -9999 -9999 -9999 0.766843981954913 0.762405478384991 0.758026900274333 0.753291164762431 0.748237556617304 0.743124502953194 0.737785449418165 0.73214944658541 0.726256637038551 0.720103832835581 0.713722690079347 0.707115122735704 0.700307876641324 0.693305154448782 0.68786004356276 0.696102184371763 0.705572421032104 0.71497189431597 0.724293207374946 0.733528605248394 0.742667081694867 0.75169801106203 0.760606753171054 0.769385662602778 0.77801167919617 0.786475900035686 0.794745503568537 0.802810733631458 0.810628708651875 0.818184584754493
-9999 -9999 -9999 -9999 -9999 -9999 -9999 -9999 -9999 -9999 -9999 -9999 -9999 -9999 -9999 -9999 -9999 -9999 -9999 -9999 -9999 -9999 -9999 -9999 -9999 -9999 -9999 0.758432231225769 0.754364224152147 0.750122338312064 0.745538047623725 0.740630587744027 0.735510440381774 0.730316694237406 0.724834271843425 0.719090115595765 0.713086108243599 0.706853223645497 0.700390883774374 0.693729107287457 0.686864906794754 0.689825821832673 0.699483632906125 0.709085490488801 0.718622625279003 0.728090388892566 0.737476690794358 0.746774982535123 0.75597613419203 0.765067800385632 0.774038616190009 0.78286970832884 0.791548858411859 0.800047867215487 0.808353891149849 0.816425490692632 0.824248031444809
-9999 -9999 -9999 -9999 -9999 -9999 -9999 -9999 -9999 -9999 -9999 -9999 -9999 -9999 -9999 -9999 -9999 -9999 -9999 -9999 -9999 -9999 -9999 -9999 -9999 -9999 -9999 -9999 0.74627384291356 0.74216109585251 0.737720255324148 0.732951572844542 0.727892327877045 0.722770922644832 0.717435142131857 0.711830501197441 0.705973401524423 0.69988110794773 0.693562773303845 0.687038890438367 0.683629966138438 0.692861550136548 0.702639452417184 0.712368494357694 0.72203722071376 0.731642962772883 0.741177147308597 0.75063480581028 0.76000386477522 0.769275288450697 0.778435703421408 0.787470121339504 0.796363707874289 0.80509271492536 0.813640818313275 0.821971363691265 0.830066872345002
-9999 -9999 -9999 -9999 -9999 -9999 -9999 -9999 -9999 -9999 -9999 -9999 -9999 -9999 -9999 -9999 -9999 -9999 -9999 -9999 -9999 -9999 -9999 -9999 -9999 -9999 -9999 0.740428859715952 0.73813322198477 0.734148396699433 0.729841413836301 0.725206650436892 0.720282128779859 0.715154494593263 0.709957673343813 0.704488508687581 0.698772994560943 0.692816378759323 0.686637624016266 0.680247228066416 0.685735055503752 0.695669119721055 0.705562192286739 0.715408126330665 0.725203407221943 0.734945801442327 0.744624304207287 0.754236309620099 0.76376873707581 0.773215467855641 0.782561806968276 0.791796276647831 0.800902205113012 0.809860048732926 0.818650859606011 0.827242751844651 0.83561437893826
-9999 -9999 -9999 -9999 -9999 -9999 -9999 -9999 -9999 -9999 -9999 -9999 -9999 -9999 -9999 -9999 -9999 -9999 -9999 -9999 -9999 -9999 -9999 -9999 -9999 -9999 -9999 0.732255016901212 0.729949194002962 0.726088851065 0.721902622979433 0.717401362251454 0.712606117173517 0.707530523028606 0.702407415650166 0.697070243730499 0.691491070932068 0.685665400875346 0.679621848401629 0.678292550335932 0.688205638960736 0.698239937668244 0.708238613657331 0.718199763135745 0.728118157006107 0.737990311592786 0.747808065820293 0.757568257632259 0.767258342094688 0.776874584964546 0.786401608890894 0.795831159832556 0.805145486881912 0.814329006494436 0.823360987107976 0.832213262573573 0.840860942540843
-9999 -9999 -9999 -9999 -9999 -9999 -9999 -9999 -9999 -9999 -9999 -9999 -9999 -9999 -9999 -9999 -9999 -9999 -9999 -9999 -9999 -9999 -9999 -9999 -9999 -9999 -9999 0.723360077176014 0.721729085938323 0.717986611167409 0.713914862206224 0.709539912783044 0.704866844297405 0.699913958231898 0.694789787972135 0.689581205201311 0.684129350463698 0.678433955681018 0.672520914386298 0.680281304119607 0.690437188127042 0.700566858124448 0.710668846823998 0.72073882485538 0.730773554212091 0.740768724896208 0.750718632020235 0.760618981532651 0.770460455664533 0.78023888703445 0.789939787662238 0.799557606503262 0.809073269062952 0.818473153614184 0.827738676913978 0.836847409346319 0.845773531452987
-9999 -9999 -9999 -9999 -9999 -9999 -9999 -9999 -9999 -9999 -9999 -9999 -9999 -9999 -9999 -9999 -9999 -9999 -9999 -9999 -9999 -9999 -9999 -9999 -9999 -9999 -9999 0.716749762464736 0.713476082183483 0.709842230877747 0.705881569546107 0.701627248764567 0.697071204169451 0.692245035505898 0.687155147078147 0.682026473869162 0.676695742032426 0.671127427986889 0.671926736877454 0.682186287640389 0.692428075138529 0.702648496390637 0.712846810001252 0.723018600275122 0.733162134166977 0.743272678617579 0.753346583296686 0.763378966835704 0.773363194112359 0.783294344437509 0.793158204620341 0.802951038970295 0.8126575102788 0.822268910437201 0.831764128398228 0.841125179916827 0.850325889858696
-9999 -9999 -9999 -9999 -9999 -9999 -9999 -9999 -9999 -9999 -9999 -9999 -9999 -9999 -9999 -9999 -9999 -9999 -9999 -9999 -9999 -9999 -9999 -9999 -9999 -9999 -9999 0.708506412003573 0.705193061559705 0.701656257466779 0.697806887137941 0.693661953848439 0.689223460244008 0.684517738893584 0.679538540981409 0.674410642964048 0.669196415148187 0.664727953350924 0.673520031275054 0.683854794025368 0.694175464458447 0.704479841412466 0.71476683792322 0.725032847331829 0.735276856875693 0.745494280537497 0.755683065222151 0.76583816248574 0.77595138016758 0.786020216496417 0.796037611951402 0.805998022538421 0.815887646339771 0.825699492213685 0.835414100602863 0.845017596865493 0.854484830901541
-9999 -9999 -9999 -9999 -9999 -9999 -9999 -9999 -9999 -9999 -9999 -9999 -9999 -9999 -9999 -9999 -9999 -9999 -9999 -9999 -9999 -9999 -9999 -9999 -9999 -9999 -9999 0.699917315705936 0.696882088497751 0.693437655749146 0.689694382827718 0.685652140828601 0.681327524829203 0.676731643157816 0.671871176229453 0.666766769642173 0.661634581688626 0.664467917196474 0.674880092820117 0.685283220495301 0.695675700212523 0.706056404167689 0.716423854493231 0.726775858219163 0.737111233621502 0.747426308404455 0.75771634432312 0.767978572060244 0.778211859220335 0.788411086428321 0.798570818203052 0.808685502549608 0.818745151829783 0.828743427243908 0.83866359020336 0.848495502878402 0.858216321562673
-9999 -9999 -9999 -9999 -9999 -9999 -9999 -9999 -9999 -9999 -9999 -9999 -9999 -9999 -9999 -9999 -9999 -9999 -9999 -9999 -9999 -9999 -9999 -9999 -9999 -9999 -9999 0.691573856295072 0.688540304720133 0.685189201835544 0.68154697196958 0.677602670194021 0.673386923115314 0.668896203829602 0.66414952307145 0.659153719096876 0.656111323928544 0.665533838549205 0.676004092545477 0.686468401768089 0.696925262505214 0.707374206815323 0.717813701675278 0.728242611912819 0.738657274370759 0.749054640717952 0.759436483244343 0.769798946448556 0.780140701905508 0.790457166525455 0.800744942036567 0.810998986675099 0.821212518900551 0.831379865941635 0.841488420066442 0.851530289559172 0.86148639286357
-9999 -9999 -9999 -9999 -9999 -9999 -9999 -9999 -9999 -9999 -9999 -9999 -9999 -9999 -9999 -9999 -9999 -9999 -9999 -9999 -9999 -9999 -9999 -9999 -9999 -9999 -9999 0.683128554651812 0.680172472458088 0.676913215608113 0.673360138782887 0.669516416487124 0.665403687607506 0.661014557117624 0.656376509959951 0.651486245147537 0.655843700381855 0.666368278586737 0.676889724025043 0.687407662866464 0.697921128551548 0.708429850018355 0.718932375630502 0.729423109885844 0.739905875297242 0.750379393055205 0.760842497905845 0.771292866722352 0.781729377288205 0.792148513882579 0.802548403076748 0.812924898118958 0.823273747809959 0.833590205795828 0.843865932123899 0.854094779893445 0.864262191609648
-9999 -9999 -9999 -9999 -9999 -9999 -9999 -9999 -9999 -9999 -9999 -9999 -9999 -9999 -9999 -9999 -9999 -9999 -9999 -9999 -9999 -9999 -9999 -9999 -9999 -9999 0.675415040195618 0.674665451292435 0.671783555816731 0.668611777994846 0.66514325031714 0.66139604893407 0.657376150447083 0.653089480621604 0.648554934393906 0.646594939054646 0.656403275396172 0.66696972889956 0.677535090274769 0.68809897823506 0.698660911588163 0.709217676854047 0.719768724763114 0.730316317956913 0.74085937852951 0.751397411851039 0.761929375913557 0.772454062211674 0.782970565064434 0.793476628889461 0.803971230299884 0.814451384306741 0.824914778608319 0.835357884285501 0.845775778085337 0.856162300847661 0.866506316725729
