drivs.asc
NCOLS 265 
NROWS 340 
XLLCORNER -3110163.8955 
YLLCORNER -3147031.214 
CELLSIZE 25000 
NODATA_value -9999 
[rows 175 to 199 of 340, columns 57 to 113 of 265]
-9999 -9999 -9999 -9999 -9999 -9999 -9999 -9999 -9999 -9999 -9999 -9999 -9999 -9999 -9999 -9999 -9999 -9999 -9999 -9999 -9999 -9999 -9999 -9999 -9999 -9999 0.668677855837789 0.666178459995228 0.663375109748891 0.660284595312931 0.656898869005227 0.65324365770952 0.649312425521137 0.645124656937786 0.640685417217728 0.646134691151173 0.656735630821401 0.667337024671691 0.677938904168185 0.688540872417369 0.699137530042497 0.709733408846989 0.720328437355112 0.730922409574139 0.741514693922423 0.752105092726176 0.762692904498081 0.773277609605918 0.783858551575829 0.79443466529484 0.805005310197961 0.815568748150743 0.826122815423834 0.836662198156929 0.847188441242384 0.857698856084467 0.868188292989746
-9999 -9999 -9999 -9999 -9999 -9999 -9999 -9999 -9999 -9999 -9999 -9999 -9999 -9999 -9999 -9999 -9999 -9999 -9999 -9999 -9999 -9999 -9999 -9999 -9999 -9999 -9999 0.657677118801309 0.654948588054292 0.651930033885991 0.648628668880042 0.645058768854189 0.6412154626419 0.637122623179873 0.636050360090534 0.646212253428075 0.656840080471919 0.667469419807042 0.678098617819143 0.688725034208363 0.699352514954465 0.709980856414564 0.720609931101354 0.731239599059377 0.741869620371349 0.752499888978979 0.763130042477457 0.773759947542202 0.784389237772093 0.795017554236239 0.805641423507779 0.816260813217791 0.826877534140276 0.837490588178536 0.848099073189785 0.858701780807651 0.869296721035408
-9999 -9999 -9999 -9999 -9999 -9999 -9999 -9999 -9999 -9999 -9999 -9999 -9999 -9999 -9999 -9999 -9999 -9999 -9999 -9999 -9999 -9999 -9999 -9999 -9999 -9999 -9999 0.649162400350561 0.646505229070335 0.643555186679151 0.640334445532251 0.636842328634088 0.633087461702443 0.629083473384912 0.635422563560833 0.646068557813819 0.656716606379311 0.667363561543072 0.678009937139078 0.6886580757088 0.699307939340011 0.709959415355771 0.720612472076493 0.731267041688122 0.741923043229191 0.752580424006412 0.763239099400741 0.773899011223495 0.784556434853326 0.79521280761752 0.805869877621063 0.816527494704585 0.827185525035227 0.837843739166563 0.848501962424182 0.859159955901262 0.869817334766249
-9999 -9999 -9999 -9999 -9999 -9999 -9999 -9999 -9999 -9999 -9999 -9999 -9999 -9999 -9999 -9999 -9999 -9999 -9999 -9999 -9999 -9999 -9999 -9999 -9999 -9999 -9999 0.64063522229253 0.638040171550417 0.635161401091965 0.632018017602157 0.628600421720361 0.624930388258766 0.624601438432005 0.635044476956776 0.645703861009777 0.656361026732784 0.667018951560874 0.677678788195337 0.688340482622688 0.699003960697865 0.709669199595636 0.720336119481882 0.731004691493345 0.741674825506933 0.752346506011481 0.763016749958608 0.773685593332267 0.78435553119784 0.795026504298366 0.805698402984016 0.816371147626089 0.827044631398898 0.837718719820351 0.848393309145662 0.859068241827391 0.869743336235766
-9999 -9999 -9999 -9999 -9999 -9999 -9999 -9999 -9999 -9999 -9999 -9999 -9999 -9999 -9999 -9999 -9999 -9999 -9999 -9999 -9999 -9999 -9999 -9999 -9999 -9999 -9999 0.632096327458633 0.629558779556719 0.626750151249952 0.623675461201137 0.620334595741889 0.616841174854691 0.623787868885112 0.634452457926815 0.645113571543981 0.655776120396163 0.666440282623137 0.677105960692963 0.687773052508803 0.698441466709116 0.709111081002006 0.719781775930944 0.730453420578784 0.741124609113078 0.751792057825313 0.762459769531407 0.773127517510995 0.783795005799746 0.794461999289646 0.80512812545406 0.815792974536587 0.826456083143418 0.837116742878497 0.847774345051836 0.858427778767452 0.869075848717712
-9999 -9999 -9999 -9999 -9999 -9999 -9999 -9999 -9999 -9999 -9999 -9999 -9999 -9999 -9999 -9999 -9999 -9999 -9999 -9999 -9999 -9999 -9999 -9999 -9999 -9999 -9999 0.623543432042455 0.621063958501117 0.618322449010296 0.615312069093109 0.612046350738895 0.612417855377207 0.622981083507753 0.633641464132116 0.644302984308996 0.65496547702689 0.665628795792459 0.67629277302514 0.686957195682526 0.697621885491113 0.708286600004556 0.718951075923689 0.729610443273731 0.740267796976635 0.750923659619393 0.761577644181471 0.772229224232429 0.782877709435823 0.793522517376817 0.80416256153675 0.814796978946885 0.825424410506118 0.836043083639807 0.846651313524365 0.857245903960621 0.867823835714991
-9999 -9999 -9999 -9999 -9999 -9999 -9999 -9999 -9999 -9999 -9999 -9999 -9999 -9999 -9999 -9999 -9999 -9999 -9999 -9999 -9999 -9999 -9999 -9999 -9999 -9999 -9999 0.61497577241265 0.612556528173353 0.609877125327255 0.606930587310371 0.603962730631131 0.611307396229397 0.621962902897618 0.632618801394429 0.643274797080873 0.653930697654884 0.664586191860307 0.675241015674222 0.685894873549339 0.696547298616693 0.707196364164609 0.71783914620445 0.728478969574627 0.739115288042938 0.749747156612995 0.760374024694386 0.770994724365002 0.781608143851557 0.792213133386623 0.80280751895886 0.813389849027237 0.823957359801664 0.834506876083795 0.845035129716293 0.85553514001382 0.865997824987452
-9999 -9999 -9999 -9999 -9999 -9999 -9999 -9999 -9999 -9999 -9999 -9999 -9999 -9999 -9999 -9999 -9999 -9999 -9999 -9999 -9999 -9999 -9999 -9999 -9999 -9999 -9999 0.607208970021235 0.604037242525619 0.601412640505892 0.598532101955349 0.599468139583812 0.610094261667423 0.620740816751785 0.631386463549709 0.642030885986267 0.652673816988145 0.66331461144444 0.673953051706988 0.684588506903106 0.695216539531787 0.705838714407043 0.716455626991394 0.7270667107339 0.737670877127975 0.748266881148978 0.758853724352776 0.769429387274509 0.779992418941241 0.790540632779778 0.801070904930473 0.811580797236273 0.822065572317328 0.832515828267273 0.842930437213174 0.85329977886837 0.86361585518562
-9999 -9999 -9999 -9999 -9999 -9999 -9999 -9999 -9999 -9999 -9999 -9999 -9999 -9999 -9999 -9999 -9999 -9999 -9999 -9999 -9999 -9999 -9999 -9999 -9999 -9999 -9999 0.599301189843768 0.595506693331468 0.592934663741377 0.59038480154505 0.598050230386617 0.608684474277246 0.619316761593131 0.629946576877961 0.64057352276473 0.651197086536216 0.661816601046553 0.67243146549091 0.683035405782635 0.69363309152644 0.704223547384698 0.71480546175872 0.725377972272718 0.735939368439547 0.746488118832312 0.757022626007 0.767539858100796 0.778038037056603 0.78851358714655 0.798960880006733 0.809374344591911 0.819750092087927 0.830082539962831 0.840362903017007 0.85057831924195 0.860717445562507
-9999 -9999 -9999 -9999 -9999 -9999 -9999 -9999 -9999 -9999 -9999 -9999 -9999 -9999 -9999 -9999 -9999 -9999 -9999 -9999 -9999 -9999 -9999 -9999 -9999 -9999 -9999 0.589513859308778 0.586958580260894 0.584443947656791 0.5858440347591 0.596463605459472 0.607080102100357 0.61769295969996 0.628301478994435 0.638905278397166 0.649503351398197 0.660093569181372 0.67067271225285 0.68124328042779 0.691804548890436 0.702355010191924 0.712893197086026 0.723417855297634 0.733926313404182 0.7444170681895 0.754887444867344 0.765333871637345 0.775751793998834 0.78613478475283 0.79648131319779 0.806786059891129 0.817039181108736 0.82723411590579 0.837358387977143 0.847396619083394 0.857333909864766
-9999 -9999 -9999 -9999 -9999 -9999 -9999 -9999 -9999 -9999 -9999 -9999 -9999 -9999 -9999 -9999 -9999 -9999 -9999 -9999 -9999 -9999 -9999 -9999 -9999 -9999 -9999 0.580616472086642 0.578400608544455 0.576238537921308 0.584090632712112 0.594689465394111 0.605283492690307 0.615871852468046 0.626453868254756 0.637028906682595 0.647592967787695 0.658145340751615 0.668687361180428 0.679217696600167 0.689735259036529 0.700237824296511 0.710724021415299 0.72119177935491 0.73163796406489 0.742060697523967 0.752454738696291 0.762813784983266 0.773137899248183 0.783419838783053 0.793654953279582 0.803835452369361 0.813950185036182 0.823990602726149 0.833940412266782 0.843782579874007 0.853498602518924
-9999 -9999 -9999 -9999 -9999 -9999 -9999 -9999 -9999 -9999 -9999 -9999 -9999 -9999 -9999 -9999 -9999 -9999 -9999 -9999 -9999 -9999 -9999 -9999 -9999 -9999 0.574698921590367 0.572000900594434 0.569833157343 0.571576584651162 0.58215647154593 0.592730250765253 0.603297221385007 0.613856197117144 0.624406725455872 0.634943969031267 0.645468382217617 0.655980872178715 0.666479454403276 0.676963010213668 0.687429777916919 0.697877116204219 0.708303558324719 0.718705973611446 0.72908124076238 0.7394218223232 0.74972692527929 0.759993053242327 0.770215026629029 0.780384365867919 0.790495739032584 0.800538708776519 0.810501434675954 0.820373212121969 0.83013368665158 0.839765182597789 0.849245260144555
-9999 -9999 -9999 -9999 -9999 -9999 -9999 -9999 -9999 -9999 -9999 -9999 -9999 -9999 -9999 -9999 -9999 -9999 -9999 -9999 -9999 -9999 -9999 -9999 -9999 -9999 -9999 0.563376925798641 0.561549220868292 0.569491470661013 0.580044021989064 0.590588539306127 0.601123889624328 0.611649044021537 0.622159031508467 0.632654964789181 0.643137131793469 0.653603990293232 0.66405330097939 0.674483908261405 0.684893131684907 0.695278517478873 0.70563800348861 0.715964505611204 0.726255745933951 0.73651011566449 0.746721034089851 0.756884952796311 0.766994579117679 0.777041297329268 0.787018323293643 0.796912493756028 0.806711996842727 0.816403825113392 0.825963446622509 0.835373663768957 0.844607080296079
-9999 -9999 -9999 -9999 -9999 -9999 -9999 -9999 -9999 -9999 -9999 -9999 -9999 -9999 -9999 -9999 -9999 -9999 -9999 -9999 -9999 -9999 -9999 -9999 -9999 -9999 -9999 0.554746199351705 0.556703605247475 0.567234473984989 0.577755918035861 0.588267188325653 0.598766584572944 0.609248947405414 0.619716518342795 0.630168283507388 0.640603172744753 0.651018889604843 0.661413555600379 0.671785403090796 0.682130856804534 0.692447776335313 0.702728455527795 0.712972529610645 0.723177388367109 0.733337580407562 0.743446755430896 0.753500248251124 0.76348875212501 0.773404095705449 0.783237852680745 0.792973906603949 0.802601248720972 0.812103811540368 0.821454869522607 0.830636815528923 0.839615303126723
-9999 -9999 -9999 -9999 -9999 -9999 -9999 -9999 -9999 -9999 -9999 -9999 -9999 -9999 -9999 -9999 -9999 -9999 -9999 -9999 -9999 -9999 -9999 -9999 -9999 -9999 -9999 0.54646122050531 0.554310148658442 0.564808234700133 0.575294934139296 0.585768780088198 0.596223683740928 0.606662837370819 0.61708465824483 0.627487795502629 0.637870664761618 0.648230185246197 0.658565023534198 0.668872488863776 0.679146579362257 0.689384542389423 0.699584769042848 0.709742588387096 0.71985455757669 0.729913609693554 0.739914069932718 0.74984999467532 0.759709855784043 0.769486497980878 0.779169314167092 0.788740201089337 0.798188590962643 0.807492438086977 0.816637856463108 0.825747684327742 0.834850593841066
-9999 -9999 -9999 -9999 -9999 -9999 -9999 -9999 -9999 -9999 -9999 -9999 -9999 -9999 -9999 -9999 -9999 -9999 -9999 -9999 -9999 -9999 -9999 -9999 -9999 -9999 -9999 0.542920439018828 0.553098805697871 0.563005743042504 0.572663960973698 0.5833209949426 0.593704905696179 0.603896959290789 0.614267315677365 0.624617559254873 0.634943560096613 0.645242582856467 0.655512868010506 0.665951067603303 0.676423562468414 0.686865347520747 0.697271457228747 0.70763889496283 0.717963882269768 0.728238631117036 0.738459578191367 0.748619892009963 0.758708651352782 0.768719859133902 0.778641361451129 0.788454454136227 0.798151664617554 0.807712304300803 0.817113539911049 0.826559524647839 0.836707027581313
-9999 -9999 -9999 -9999 -9999 -9999 -9999 -9999 -9999 -9999 -9999 -9999 -9999 -9999 -9999 -9999 -9999 -9999 -9999 -9999 -9999 -9999 -9999 -9999 -9999 -9999 -9999 0.54617111129216 0.556179688485037 0.566157798004288 0.576082354723535 0.585952291244831 0.595765845027173 0.605516572892671 0.615329304964437 0.625550296265405 0.636202206941012 0.646836994765168 0.657448335797996 0.668037747346128 0.678603978542227 0.689144472576113 0.699654786071005 0.710133054449594 0.720575004937184 0.7309748808761 0.741329265037904 0.751631210532333 0.761872087796027 0.772042772592923 0.782135340336372 0.792138101593876 0.802039956479594 0.811820803850481 0.821462214686704 0.830943524788887 0.840228400928375
-9999 -9999 -9999 -9999 -9999 -9999 -9999 -9999 -9999 -9999 -9999 -9999 -9999 -9999 -9999 -9999 -9999 -9999 -9999 -9999 -9999 -9999 -9999 -9999 -9999 -9999 0.542377191739737 0.549418662207481 0.559451151709393 0.56945228095468 0.579470678240164 0.589447228370043 0.599371277861604 0.609235474341983 0.619038169332306 0.628773703416791 0.63843277364361 0.648604649263752 0.659228412520977 0.669900934424559 0.680554816998556 0.691187317819625 0.701795659213501 0.712377806226331 0.722929572707159 0.733447189288512 0.74392703382656 0.754358083213024 0.764739405078327 0.775065010766276 0.785323998463852 0.79550787892644 0.805606025112679 0.815599547782251 0.825474086444402 0.83520976679212 0.84477204336867
-9999 -9999 -9999 -9999 -9999 -9999 -9999 -9999 -9999 -9999 -9999 -9999 -9999 -9999 -9999 -9999 -9999 -9999 -9999 -9999 -9999 -9999 -9999 -9999 -9999 -9999 0.54263645776207 0.55253093296058 0.562656552543638 0.572737668383442 0.582771159845798 0.592789029912618 0.602810932920989 0.612788097211693 0.622708299098654 0.632562763920344 0.642345963602807 0.65205600698361 0.661683204120142 0.671688681431049 0.682271800669981 0.692989632140562 0.703688796982439 0.71436726038576 0.725021075540774 0.735644343595113 0.746236174609437 0.756791695669836 0.767307513667858 0.777778077621239 0.788193519044687 0.798548039767361 0.808831631182609 0.819027917999026 0.829125472523523 0.839105548221381 0.848938434831247
-9999 -9999 -9999 -9999 -9999 -9999 -9999 -9999 -9999 -9999 -9999 -9999 -9999 -9999 -9999 -9999 -9999 -9999 -9999 -9999 -9999 -9999 -9999 -9999 -9999 -9999 0.546065555828629 0.555484980683951 0.565704234846419 0.575882271704098 0.586017721887278 0.596107444264465 0.606147517095918 0.61616982592995 0.626202674006922 0.636173336632198 0.646081689482432 0.655921763751883 0.66568422897515 0.675365421454242 0.684957023305855 0.694694790174829 0.705329356558235 0.716093972821687 0.726836381177149 0.737558279143842 0.748256535872699 0.758926870664764 0.76956640213328 0.780169999108778 0.790730763616251 0.801243438414592 0.811699106797934 0.822085664413645 0.832392856592502 0.842603968805339 0.852695629669193
-9999 -9999 -9999 -9999 -9999 -9999 -9999 -9999 -9999 -9999 -9999 -9999 -9999 -9999 -9999 -9999 -9999 -9999 -9999 -9999 -9999 -9999 -9999 -9999 -9999 -9999 0.547935325065964 0.558279763813546 0.568590365517183 0.578864056790552 0.589099076881241 0.599291079685804 0.609436174284888 0.619529044772518 0.629564854183427 0.639607136988903 0.649634197242552 0.659600972123923 0.669497665210732 0.679319291388861 0.689056189017618 0.6987001958204 0.708240847878222 0.717829964461223 0.728375404475932 0.739187275695422 0.749981538273507 0.76075555424146 0.771506806398484 0.782230950679491 0.792923461359563 0.8035798457196 0.814192643872838 0.824753359145622 0.835253389552872 0.845678637048469 0.85600869022267
-9999 -9999 -9999 -9999 -9999 -9999 -9999 -9999 -9999 -9999 -9999 -9999 -9999 -9999 -9999 -9999 -9999 -9999 -9999 -9999 -9999 -9999 -9999 -9999 -9999 -9999 0.550482329813219 0.560913186750272 0.571312499793872 0.581679470572621 0.592011434104494 0.602303181064646 0.612550250804001 0.622750677613075 0.632899297635107 0.642994242692543 0.653040795397622 0.663088690091677 0.673116863937842 0.683076366652585 0.692955333288004 0.702747068705549 0.712446547860464 0.722039033301045 0.731517157376708 0.741086042066229 0.751405033310758 0.762270582367851 0.773120517802382 0.783951374556971 0.794760457913292 0.805544237710792 0.816296870821366 0.827010009806611 0.837677569737976 0.848290538293291 0.858836802448297
-9999 -9999 -9999 -9999 -9999 -9999 -9999 -9999 -9999 -9999 -9999 -9999 -9999 -9999 -9999 -9999 -9999 -9999 -9999 -9999 -9999 -9999 -9999 -9999 -9999 -9999 0.552867724221504 0.563381374886308 0.573867660883539 0.584325065457731 0.594750056463733 0.605136426033497 0.615483841539085 0.625789488636289 0.636049348765341 0.646260516824713 0.656417216370436 0.666513660475929 0.676555059495184 0.686625699763137 0.696642581626636 0.706583275842287 0.716438327712016 0.726195889038592 0.735848535703719 0.745383414106268 0.754782082753192 0.76419998488806 0.774400351598448 0.785322913640324 0.796232012563654 0.80711994844309 0.81798743482026 0.828831380020884 0.83964697502097 0.850426308220059 0.861161804965547
-9999 -9999 -9999 -9999 -9999 -9999 -9999 -9999 -9999 -9999 -9999 -9999 -9999 -9999 -9999 -9999 -9999 -9999 -9999 -9999 -9999 -9999 -9999 -9999 -9999 -9999 0.555088626695626 0.565682453394088 0.576252741291797 0.586797342333004 0.597309006961463 0.607788432123903 0.618234578849678 0.628642305358819 0.63901006953298 0.649334143980071 0.659607970729946 0.669828611980941 0.679986980971495 0.690077993193475 0.700133627254631 0.71020104276223 0.720208118806248 0.73012812568712 0.739952561974073 0.749667428979748 0.759258889884931 0.76871457258758 0.778014360907573 0.787131696461321 0.797388900853045 0.808295096466599 0.819260794756676 0.830213534180638 0.841150447602014 0.852066655424317 0.862958047828202
-9999 -9999 -9999 -9999 -9999 -9999 -9999 -9999 -9999 -9999 -9999 -9999 -9999 -9999 -9999 -9999 -9999 -9999 -9999 -9999 -9999 -9999 -9999 -9999 -9999 0.547044423940686 0.557142213954403 0.567813709764985 0.57846473964809 0.589089119576778 0.599686504994042 0.610257084451356 0.620797439195044 0.631304726418883 0.641776686720312 0.652209060547165 0.662596828144958 0.672932793560066 0.683216209248758 0.69343970439924 0.703599194772546 0.713687677621019 0.723753641333174 0.733825703386124 0.743818212025831 0.753710048857037 0.763491515415274 0.773145129061765 0.782654175225241 0.792000217420453 0.801163283464924 0.810112964379563 0.820210914419905 0.831145545103895 0.842174521322028 0.853194817711009 0.864204450302791
