drivs.asc
NCOLS 265 
NROWS 340 
XLLCORNER -3110163.8955 
YLLCORNER -3147031.214 
CELLSIZE 25000 
NODATA_value -9999 
[rows 150 to 174 of 340, columns 171 to 227 of 265]
0.98627936326582 0.984741441403989 0.986574128492186 0.990414438956201 0.992280090453815 0.991207946901175 0.985140096822368 0.981639753167963 0.977850458068637 0.970887447318179 0.970932604320364 0.979628405048219 0.989468988095724 0.997334487347891 0.998219044169991 0.988126531042902 0.978103518193778 0.968714063467807 0.959864883770474 0.951373505216725 0.942426985629537 0.933151732940509 0.923683279854065 0.914082017526103 0.904363798157309 0.894573999680938 0.884743890685808 0.874883643892722 0.865000970936134 0.855833832926443 0.847780789997618 0.839694821980849 0.831381827593144 0.822925488657205 0.814501591590614 0.806045431174431 0.7976370852298 0.789105751212754 -9999 -9999 -9999 -9999 -9999 -9999 -9999 -9999 -9999 -9999 -9999 -9999 -9999 -9999 -9999 -9999 -9999 -9999 -9999
0.99445613623468 0.991815748814744 0.992020876855536 0.997750453833305 1 0.99773710694271 0.991386514093213 0.990190263197996 0.984110497580944 0.976352843506864 0.974412134183447 0.984132425404462 0.992713498060784 0.999530471789523 0.993874009983416 0.986305849019714 0.97667615860569 0.966728923302943 0.956712650706842 0.946669614262027 0.937854752759417 0.929124050359225 0.920075755143661 0.910812599697387 0.901391939573057 0.891825768513034 0.882181856845638 0.87247742583401 0.862721309506943 0.852905633456488 0.843065231034115 0.834191301000156 0.826044171796627 0.817780781079815 0.809353715769223 0.800918152146914 0.792471149381484 0.784057925301855 -9999 -9999 -9999 -9999 -9999 -9999 -9999 -9999 -9999 -9999 -9999 -9999 -9999 -9999 -9999 -9999 -9999 -9999 -9999
0.999515545785539 0.999792675376319 0.999086429167889 0.997946439800537 0.994434843139935 0.999760465693767 0.999818338917751 0.996832105625543 0.989440656826432 0.979992884791191 0.97553035420476 0.985719539631387 0.995899828748463 0.998086404932561 0.987958110719143 0.980656037129326 0.972932228244126 0.963915061975552 0.95443400468729 0.944732744280291 0.93491168957985 0.925078707797101 0.915707016470541 0.90680737280724 0.897709495639553 0.888432819398119 0.879015412435976 0.869505870119723 0.859922531478082 0.850261853633878 0.840547201458439 0.830796948268349 0.821018266358582 0.812373154318847 0.804150117293334 0.795768895546304 0.78729850240996 0.779825912135809 -9999 -9999 -9999 -9999 -9999 -9999 -9999 -9999 -9999 -9999 -9999 -9999 -9999 -9999 -9999 -9999 -9999 -9999 -9999
0.990781524635308 0.995476335512648 0.995132220560799 0.991552265247532 0.987960859247796 0.994233352612061 0.994387391487672 0.999994247525376 0.992467374233335 0.98307347140071 0.975212513687851 0.983798554708835 0.990965240636232 0.99177419418856 0.985258345418075 0.976035611019523 0.967237461721183 0.959309931690596 0.950641526115476 0.941494214469004 0.932080111018556 0.92249014761171 0.912743481631232 0.902938683954017 0.893530642994303 0.884448712417991 0.875292210418996 0.866006820277543 0.85661736560694 0.847143033690782 0.837577151618619 0.827959489742626 0.818297541395047 0.808588170843289 0.79912139192965 0.790490991517757 0.782152262916468 0.774463671062923 -9999 -9999 -9999 -9999 -9999 -9999 -9999 -9999 -9999 -9999 -9999 -9999 -9999 -9999 -9999 -9999 -9999 -9999 -9999
0.983311426874012 0.986631234888559 0.986841515278696 0.983075061035317 0.981914229188519 0.985375694604116 0.99050937495925 1 0.993402659656089 0.983225758133766 0.974758409499473 0.978446954624681 0.983107185621687 0.983239529876125 0.979050675334814 0.97196084284374 0.963426826897016 0.953836416306813 0.945637734731315 0.93715812010071 0.928251364966449 0.919059480710296 0.909656489140703 0.900093211374733 0.890435630383709 0.880705439573286 0.871068702349362 0.862019544277059 0.852847290137933 0.843565667211123 0.834180427578684 0.82471293036018 0.815185691471739 0.805608652223941 0.795966648832346 0.786290597088364 -9999 -9999 -9999 -9999 -9999 -9999 -9999 -9999 -9999 -9999 -9999 -9999 -9999 -9999 -9999 -9999 -9999 -9999 -9999 -9999 -9999
0.975645857921498 0.97778969411753 0.978121732964668 0.974930876517135 0.974339704797407 0.981042308020216 0.991244667428249 1 0.992867895511335 0.987137283698206 0.978123555210265 0.981732425585721 0.987591898783153 0.987903169944734 0.98301204309785 0.974707598487661 0.965351214157235 0.955643087912829 0.945755723852525 0.935732961391383 0.925667047261372 0.915581940807588 0.905895400200595 0.89657163686538 0.887168748333122 0.87765542960989 0.86805551926121 0.858362312914713 0.848825756206068 0.839569991565085 0.830382797790052 0.821080238330306 0.811702934336127 0.802259359446387 0.792751004642161 -9999 -9999 -9999 -9999 -9999 -9999 -9999 -9999 -9999 -9999 -9999 -9999 -9999 -9999 -9999 -9999 -9999 -9999 -9999 -9999 -9999 -9999
0.970848035272111 0.971124331254971 0.970903240967629 0.968302733126287 0.970529242830765 0.980344551831851 0.989477241272996 0.996840463682414 0.999784320375276 0.989574335175554 0.98132156887466 0.988576869189611 0.994854342106773 0.99585735219556 0.987309047084369 0.977198897906407 0.967026019552527 0.956845874650359 0.946666872766858 0.936462743587598 0.926237969326124 0.916027432011853 0.905827743657416 0.895626703389423 0.88540788692275 0.875201303644713 0.865004663705564 0.855173613069936 0.845587417432032 0.835942231913878 0.826298970086017 0.81708565122605 0.807867691615617 0.798570935843866 0.789205438746394 -9999 -9999 -9999 -9999 -9999 -9999 -9999 -9999 -9999 -9999 -9999 -9999 -9999 -9999 -9999 -9999 -9999 -9999 -9999 -9999 -9999 -9999
0.978659472178441 0.978067668599671 0.977405781207279 0.976680550806461 0.975244051304122 0.976232875056594 0.983937068773772 0.991575908902052 0.993828683013957 0.987479555285897 0.985947057990979 0.99445782267207 1 0.996227265484013 0.986847492511876 0.976747259320474 0.96654360265916 0.956343436726466 0.946146815331474 0.935953790945821 0.925741976485109 0.915534945670608 0.905335985548764 0.895143811112848 0.88493190898597 0.874719203237998 0.864516196619064 0.854321672924253 0.84411195059447 0.833906316194694 0.824065279102036 0.814822333033042 0.806161898386255 0.797180282069614 0.788191914944566 -9999 -9999 -9999 -9999 -9999 -9999 -9999 -9999 -9999 -9999 -9999 -9999 -9999 -9999 -9999 -9999 -9999 -9999 -9999 -9999 -9999 -9999
0.987258051190261 0.986947980654193 0.986236377575451 0.985510207562783 0.983362420362709 0.976905518727014 0.978336938388303 0.984058481398885 0.985103481609569 0.982709737755972 0.99034888462109 0.999630502333505 0.995915301002706 0.989701632757055 0.982906473606927 0.97419184381074 0.964600811641321 0.954708822818453 0.944702264311653 0.93463688499753 0.924524722326011 0.914358985848559 0.904189561473622 0.894018678758607 0.883845056891795 0.873658322048267 0.863492515318696 0.853701193839822 0.84498003247428 0.83648717749263 0.827859562853834 0.819057154154211 0.810109358483052 0.80102620606994 0.79184290422358 -9999 -9999 -9999 -9999 -9999 -9999 -9999 -9999 -9999 -9999 -9999 -9999 -9999 -9999 -9999 -9999 -9999 -9999 -9999 -9999 -9999 -9999
0.994885237456767 0.995776377768587 0.995063840497872 0.994336718190504 0.99012565517163 0.981158959316871 0.978997467731448 0.979374877045295 0.979318026166529 0.985072975857081 0.99471185482604 0.999152264543904 0.991971922029724 0.983135022723102 0.97627023070717 0.969193508941318 0.960755844899106 0.951569639498479 0.942029327671225 0.932295461222571 0.922439295566081 0.912475992244547 0.902450338916052 0.892402660287515 0.882743394386375 0.874449472839207 0.866400031624708 0.858153643229042 0.849650652423692 0.840934481659458 0.832036109934665 0.822995712277743 0.813828195958546 0.804541061090762 0.796048776263207 -9999 -9999 -9999 -9999 -9999 -9999 -9999 -9999 -9999 -9999 -9999 -9999 -9999 -9999 -9999 -9999 -9999 -9999 -9999 -9999 -9999 -9999
0.9988526847981 0.999771882350841 0.999891340382139 1 0.993257699181834 0.98754170344024 0.987738696448532 0.987748570128089 0.986331227848224 0.991284168926807 0.997524441648861 0.99747584937987 0.987882589140455 0.978327659812092 0.969605709905258 0.962721505054986 0.955422298564231 0.947107481629225 0.938190598806489 0.928915245053667 0.919571064113341 0.910247316785252 0.903163425778163 0.895618207811141 0.887710906329902 0.879704998049315 0.871380327981945 0.862789802695838 0.853981656897166 0.844991484805629 0.835836683079675 0.826561602019218 0.817181004363649 0.807704453704961 0.800180425488633 -9999 -9999 -9999 -9999 -9999 -9999 -9999 -9999 -9999 -9999 -9999 -9999 -9999 -9999 -9999 -9999 -9999 -9999 -9999 -9999 -9999 -9999
0.992952530706752 0.99379359105038 0.991240896516201 0.993630666083915 0.998883721378988 0.992506111675007 0.995270949952733 0.996565026456421 0.994078539273274 0.997960142747685 0.999553923555986 0.992610269662754 0.984156657988914 0.975245627902215 0.96555516001895 0.956265729765158 0.949903187710777 0.941937753564609 0.935280007642506 0.929156699147386 0.923233770458464 0.916434789816086 0.90897900245822 0.901050908286265 0.893001022613294 0.884604536020869 0.875921712960753 0.866991195496152 0.857886531005304 0.848625808842791 0.839234082636352 0.829731761733667 0.820152129229794 0.81049668817823 -9999 -9999 -9999 -9999 -9999 -9999 -9999 -9999 -9999 -9999 -9999 -9999 -9999 -9999 -9999 -9999 -9999 -9999 -9999 -9999 -9999 -9999 -9999
0.984924186125749 0.985464873998781 0.982439822836168 0.987842233627377 0.992299556445796 0.990893766785287 0.995028700259312 0.998739165579143 0.999542346804381 0.996191770547738 0.992450055019264 0.986934897871464 0.979362092400611 0.97058815659946 0.96397581502317 0.959620342251956 0.95462163832799 0.948066997220774 0.941835930394955 0.936358653269618 0.929744378677636 0.922337168283531 0.91439006377783 0.90630552966864 0.897806192769239 0.889008275103191 0.879966348238589 0.870718497543182 0.861320969692703 0.851809182189852 0.842194926934728 0.83248858714274 0.822552984299059 -9999 -9999 -9999 -9999 -9999 -9999 -9999 -9999 -9999 -9999 -9999 -9999 -9999 -9999 -9999 -9999 -9999 -9999 -9999 -9999 -9999 -9999 -9999 -9999
0.976314869973018 0.976722510302728 0.975194451058969 0.981003532831837 0.98349955276435 0.991393787512714 0.998092271403591 0.997320967644318 0.991092041524926 0.99021073177192 0.984254668862043 0.980330629653901 0.977085277763498 0.975656212588488 0.971365521025292 0.96747092734621 0.961373947761588 0.954313220496768 0.949335243412944 0.943059055345774 0.935698118910621 0.927748896063142 0.919604111585516 0.911001115667038 0.902044648718142 0.892847444450032 0.883462057467927 0.873924065564725 0.864260467707799 0.854514075225635 0.844697494790598 0.834809103834857 -9999 -9999 -9999 -9999 -9999 -9999 -9999 -9999 -9999 -9999 -9999 -9999 -9999 -9999 -9999 -9999 -9999 -9999 -9999 -9999 -9999 -9999 -9999 -9999 -9999
0.967594516887649 0.967873230467078 0.968145019407634 0.972947537287363 0.978421514309521 0.986349565622533 0.992519869817721 0.993000864971283 0.986685394723727 0.981708838502886 0.982207069940708 0.986377132045006 0.98532666693478 0.983751654506953 0.979594360037545 0.974650040434458 0.967121605873025 0.96203214972755 0.956330576333736 0.949092921134138 0.941139865804135 0.932884109789499 0.924137818214964 0.915021021828809 0.905638267264136 0.896064534236341 0.88636873697246 0.876569452585627 0.866671386728757 0.856714031332193 0.846716612205681 0.835400324323712 -9999 -9999 -9999 -9999 -9999 -9999 -9999 -9999 -9999 -9999 -9999 -9999 -9999 -9999 -9999 -9999 -9999 -9999 -9999 -9999 -9999 -9999 -9999 -9999 -9999
0.958861598267158 0.959040108887005 0.960754097013665 0.965396104701457 0.972963943709978 0.980255455154038 0.983876017243743 0.984337829557354 0.980549721352708 0.977893834673756 0.987629210236529 0.994990593739481 0.993452371470769 0.990795893825562 0.987635938246324 0.980477048324334 0.974054112468316 0.96944997147492 0.962468802652516 0.954514892392939 0.946165156684038 0.937189064626134 0.927843435939744 0.918259528764007 0.908500136254612 0.898605948844135 0.888634098275993 0.878606226581709 0.868520130577253 0.858389324990648 0.848236599760555 -9999 -9999 -9999 -9999 -9999 -9999 -9999 -9999 -9999 -9999 -9999 -9999 -9999 -9999 -9999 -9999 -9999 -9999 -9999 -9999 -9999 -9999 -9999 -9999 -9999 -9999
0.950124059323557 0.9502163543404 0.952943639924725 0.959551541429233 0.967054456261497 0.972668300138946 0.975071685624746 0.975575027717467 0.972831846872364 0.977935203809944 0.987919477288647 0.995621416484328 0.999633126689628 0.998480406340063 0.99364688317863 0.985714077798457 0.982193432808836 0.975897392058285 0.967882144231581 0.959363069025431 0.950117730852393 0.940476115983189 0.930611455543527 0.920630967925443 0.910565806974023 0.900417160769709 0.890226696414094 0.880016268303587 0.869788047193688 0.859519865409461 -9999 -9999 -9999 -9999 -9999 -9999 -9999 -9999 -9999 -9999 -9999 -9999 -9999 -9999 -9999 -9999 -9999 -9999 -9999 -9999 -9999 -9999 -9999 -9999 -9999 -9999 -9999
0.942407906456862 0.941398251136978 0.946078957047885 0.953709294787041 0.960055978357267 0.964521023706027 0.966269659712658 0.966764208514702 0.966500570021904 0.974914177186498 0.983065935145616 0.990202678638377 0.991843630549034 0.996843676832182 0.995734832339263 0.993112209910141 0.989221030480906 0.981295835176101 0.97236869803487 0.962675303099655 0.952698219318267 0.94256429278704 0.932325235544677 0.922054840089064 0.911768564355413 0.901457369409488 0.89111667930671 0.880777456567275 0.870442068992933 -9999 -9999 -9999 -9999 -9999 -9999 -9999 -9999 -9999 -9999 -9999 -9999 -9999 -9999 -9999 -9999 -9999 -9999 -9999 -9999 -9999 -9999 -9999 -9999 -9999 -9999 -9999 -9999
0.934452419674478 0.932997165379449 0.940266913815388 0.947040806156325 0.952453216843805 0.956043043414601 0.95746982495705 0.957889000761558 0.961601273343704 0.96966137577802 0.977264295532569 0.981897882766451 0.984616234536383 0.988052274762358 0.994635181670292 0.999051906377768 0.994493728939877 0.984821751224052 0.974456727607536 0.964071796995054 0.953693802214422 0.943318498357831 0.932900877268091 0.922486052373471 0.912086205320045 0.901697486214202 0.891285693456289 0.880880013484698 0.871290579497076 -9999 -9999 -9999 -9999 -9999 -9999 -9999 -9999 -9999 -9999 -9999 -9999 -9999 -9999 -9999 -9999 -9999 -9999 -9999 -9999 -9999 -9999 -9999 -9999 -9999 -9999 -9999 -9999
0.926481708335537 0.926790581966221 0.933808674578932 0.939805927930901 0.94449657218998 0.94746034426295 0.948672068395861 0.949480772780751 0.956174184504198 0.963922114921943 0.970043842110492 0.973638852334293 0.978576490347383 0.984199112184708 0.991493016573988 0.999036289125474 0.994675510284238 0.984273235338602 0.973874720345985 0.9634800244449 0.953089197537085 0.94270230080924 0.932312054714236 0.921906962068779 0.911511745374191 0.901124701079692 0.890731933387592 0.880318073522922 -9999 -9999 -9999 -9999 -9999 -9999 -9999 -9999 -9999 -9999 -9999 -9999 -9999 -9999 -9999 -9999 -9999 -9999 -9999 -9999 -9999 -9999 -9999 -9999 -9999 -9999 -9999 -9999 -9999
0.918340004068694 0.920463733441169 0.9268560963859 0.932194886218515 0.936287237906438 0.938818116621697 0.939876283523579 0.942788793812105 0.950504137675589 0.957203400899952 0.964401537912208 0.974140247448849 0.983745991921915 0.991279878645467 0.997796368988801 0.999905347386286 0.992914598603615 0.983009174214997 0.972717003332196 0.962317675277507 0.951909704767732 0.941505685772775 0.931105668227271 0.920709712050889 0.910317867988085 0.899930193232342 0.889546747598553 0.879167578828067 -9999 -9999 -9999 -9999 -9999 -9999 -9999 -9999 -9999 -9999 -9999 -9999 -9999 -9999 -9999 -9999 -9999 -9999 -9999 -9999 -9999 -9999 -9999 -9999 -9999 -9999 -9999 -9999 -9999
0.910145511591735 0.913703372944951 0.919517393950198 0.924328813568782 0.927919674189904 0.930139207467324 0.931121660512914 0.937052683694254 0.944972212148621 0.954952948379989 0.965441737136705 0.975900066494565 0.986354940267717 0.996806299443979 0.996671459765758 0.992014329663577 0.986806677946509 0.979370053965444 0.97016782682242 0.960327845720081 0.950198928040912 0.939972028223892 0.929693817533635 0.919374617126706 0.909000907747154 0.898624397056876 0.888247163603965 0.877864318170561 -9999 -9999 -9999 -9999 -9999 -9999 -9999 -9999 -9999 -9999 -9999 -9999 -9999 -9999 -9999 -9999 -9999 -9999 -9999 -9999 -9999 -9999 -9999 -9999 -9999 -9999 -9999 -9999 -9999
0.902133419418328 0.906604595206633 0.911911854265434 0.916275722304582 0.919462596136261 0.921410188437667 0.924205814574945 0.934051601227656 0.944508143884697 0.954950445928407 0.965369622462565 0.975640535689176 0.985569457983293 0.993369348082025 0.990198494199108 0.983970047970029 0.979842283952902 0.973188620706357 0.965478282832409 0.956603737500576 0.947113585299569 0.937308392563728 0.927332195474372 0.917249589177411 0.907064859577484 0.896824617409885 0.886670300013226 -9999 -9999 -9999 -9999 -9999 -9999 -9999 -9999 -9999 -9999 -9999 -9999 -9999 -9999 -9999 -9999 -9999 -9999 -9999 -9999 -9999 -9999 -9999 -9999 -9999 -9999 -9999 -9999 -9999 -9999
0.894275245176877 0.899222072699372 0.90410388363158 0.908055734320911 0.910942181154878 0.91350411138236 0.922666514077298 0.932956526129014 0.94317293558346 0.953253968050997 0.963114717704411 0.972471170994143 0.980527361919483 0.985155517698481 0.983194459262527 0.976777060624103 0.971949293456238 0.966208936178586 0.959374460430699 0.951524826408797 0.942809529251608 0.933564954959446 0.924006444798138 0.914248770709431 0.904867543591747 -9999 -9999 -9999 -9999 -9999 -9999 -9999 -9999 -9999 -9999 -9999 -9999 -9999 -9999 -9999 -9999 -9999 -9999 -9999 -9999 -9999 -9999 -9999 -9999 -9999 -9999 -9999 -9999 -9999 -9999 -9999 -9999
0.886542121296685 0.891617778774237 0.896139733672243 0.899739793532133 0.902396299669304 0.910613548872943 0.920746430875057 0.930747871995609 0.940540052540314 0.950040670867236 0.959036899730129 0.96714194930421 0.973399536139147 0.976522222836893 0.975015587614742 0.969793341280183 0.963724163940499 0.95894486839136 0.9537257030124 0.944186257204481 0.937526520134778 0.92890564189086 0.91983920707968 0.912148655234006 -9999 -9999 -9999 -9999 -9999 -9999 -9999 -9999 -9999 -9999 -9999 -9999 -9999 -9999 -9999 -9999 -9999 -9999 -9999 -9999 -9999 -9999 -9999 -9999 -9999 -9999 -9999 -9999 -9999 -9999 -9999 -9999 -9999
