layers/ele.asc
NCOLS 128 
NROWS 165 
XLLCORNER -2985163.8955 
YLLCORNER -3022031.214 
CELLSIZE 50000 
NODATA_value -9999 
[rows 27 to 53 of 165, columns 0 to 59 of 128]
-9999 -9999 -9999 -9999 -9999 -9999 -9999 -9999 -9999 -9999 -9999 -9999 -9999 -9999 -9999 -9999 -9999 -9999 15.2339000701904 212.278991699219 1786.77282714844 2598.4658203125 2419.87329101562 1208.41845703125 3031.93701171875 1005.76080322266 431.933685302734 935.767578125 289.306030273438 292.834625244141 295.172912597656 291.574645996094 268.419372558594 216.644683837891 185.03662109375 146.345962524414 139.226593017578 165.111221313477 168.913665771484 174.34455871582 201.064071655273 200 234.447982788086 67.7277221679688 53.0461921691894 123.816421508789 116.689910888672 179.114151000977 543.596618652344 536.958374023438 531.662109375 461.232727050781 539.062866210938 370.837677001953 201.695541381836 469.520660400391 77.9310760498047 98.9101638793945 170.947296142578 280
-9999 -9999 -9999 -9999 -9999 -9999 -9999 -9999 -9999 -9999 -9999 -9999 -9999 -9999 -9999 -9999 -9999 1 37.3149871826172 717.23046875 1912.67663574219 2810.11328125 2202.25146484375 1024.37377929688 1316.94152832031 523.526306152344 352.845764160156 300.221618652344 318.807586669922 320.772186279297 315.367614746094 304.322326660156 310.9697265625 230.024063110352 165.6103515625 170.697174072266 206.813339233398 174.827239990234 122.057548522949 153.903762817383 142.320983886719 236.298110961914 147.909545898438 102.092697143555 46.599048614502 168.461029052734 423.824005126953 422.693054199219 399.984588623047 565.563842773438 227.987762451172 98.0396194458008 337.560577392578 390.031768798828 164.949401855469 95.4709930419922 57.1006736755371 105.399772644043 193.406448364258 294.952453613281
-9999 -9999 -9999 -9999 -9999 -9999 -9999 -9999 -9999 -9999 -9999 -9999 -9999 -9999 -9999 -9999 1 22.8300762176514 138.162933349609 1556.49621582031 1023.37268066406 2601.6123046875 1449.78601074219 1691.60375976562 554.249694824219 350.073547363281 283.422454833984 271.688568115234 293.866394042969 463.588989257812 449.183776855469 281.909393310547 273.39453125 280.524322509766 217.825820922852 178.129943847656 168.629165649414 143.108825683594 97.5214080810547 95.4948806762695 88.9458999633789 88.8669204711914 85.0994033813477 85.5055465698242 103.122222900391 481.102813720703 518.737426757812 492.3720703125 685.627868652344 160.321746826172 175.192169189453 249.2646484375 162.242919921875 126.149353027344 67.1026077270508 50.5862655639648 58.0847320556641 86.6589660644531 96.6023025512695 135.692047119141
-9999 -9999 -9999 -9999 -9999 -9999 -9999 -9999 -9999 -9999 -9999 -9999 -9999 -9999 -9999 -9999 10.0332431793213 68.0064086914062 758.805053710937 1396.10205078125 2430.07153320312 1277.82849121094 1270.96704101562 522.138000488281 417.388885498047 217.410018920898 217.510681152344 230.16291809082 284.883483886719 273.446441650391 731.970031738281 276.631530761719 263.790679931641 243.102416992188 178.864715576172 209.771682739258 202.543533325195 175.351821899414 97.6832122802734 99.0372619628906 99.9605407714844 95.3794326782226 79.0516357421875 91.0314407348633 98.5915832519531 184.757797241211 407.786560058594 357.781860351562 288.68896484375 168.586654663086 93.5842132568359 88.3842163085937 80.3735504150391 73.1333770751953 83.2013854980469 52.7593727111816 70.3236083984375 97.443603515625 99 162.832046508789
-9999 -9999 -9999 -9999 -9999 -9999 -9999 -9999 -9999 -9999 -9999 -9999 -9999 -9999 -9999 -9999 84.3104019165039 712.054443359375 1966.28588867188 2547.21435546875 2487.001953125 1398.52331542969 491.578765869141 316.582275390625 272.870727539062 219.809494018555 185.353775024414 187.303268432617 230.556976318359 864.414855957031 457.063598632813 261.375427246094 178.059631347656 165.841339111328 286.185119628906 208.740493774414 207.595001220703 199.116256713867 99.9541625976562 90.458854675293 89.7685470581055 89.0220260620117 72.5905685424805 107.665298461914 112.03385925293 97.6318130493164 74.9918746948242 72.3786697387695 93.9579010009766 89.0888366699219 64.3868865966797 67.5016250610352 67.6435089111328 63.4792976379395 74.5395812988281 63.8050003051758 63.8223762512207 95.3914794921875 104.232627868652 187.929672241211
-9999 -9999 -9999 -9999 -9999 -9999 -9999 -9999 -9999 -9999 -9999 -9999 -9999 -9999 31.2482795715332 137.277984619141 283.877563476562 1404.85400390625 3531.52587890625 3227.54296875 1268.33056640625 519.00439453125 314.329284667969 287.732574462891 223.182830810547 147.640380859375 163.63542175293 159.648040771484 162.13525390625 141.317153930664 276.761138916016 210.407623291016 186.165664672852 173.150390625 122.738563537598 158.004455566406 183.365280151367 193.745590209961 124.557357788086 95.8595352172852 100.170761108398 95.1876373291016 117.342163085938 128.689361572266 77.9454116821289 69.3301849365234 56.0436248779297 55.8745536804199 54.8118286132812 48.940071105957 42.9372749328613 45.5204887390137 51.966007232666 54.8252906799316 55.8745536804199 53.2046813964844 56.5131225585938 79.2848663330078 100 99.7343368530273
-9999 -9999 -9999 -9999 -9999 -9999 -9999 -9999 -9999 -9999 -9999 -9999 -9999 -9999 492.931091308594 251.494491577148 639.477661132812 3093.31860351562 3092.93432617187 1179.9951171875 534.872802734375 344.673187255859 259.714019775391 243.428787231445 199.146499633789 179.786071777344 147.465133666992 119.067070007324 151.762222290039 132.147811889648 99.5210800170898 104.993583679199 134.407119750977 114.64656829834 180.013046264648 94.6963195800781 92.9896850585938 133.439270019531 184.342834472656 131.086029052734 106.856353759766 126.626502990723 173.875152587891 168.827972412109 124.941566467285 75.8920516967773 56.294864654541 38.9998779296875 48.8589363098145 40.2705841064453 39.3330307006836 39.3105888366699 38.2828407287598 41.5385131835937 43.7673492431641 43.7982368469238 73.9839019775391 99.4086990356445 100.818496704102 100
-9999 -9999 -9999 -9999 -9999 -9999 -9999 -9999 -9999 -9999 -9999 -9999 -9999 -9999 304.279205322266 248.770355224609 1217.04455566406 2717.45629882812 3846.021484375 1964.13391113281 334.107635498047 280.947998046875 259.900939941406 226.744384765625 199.967498779297 208.715377807617 178.459167480469 150.570556640625 125.56404876709 98.8713760375977 105.891464233398 101.453468322754 96.0557632446289 93.9416732788086 96.5720291137695 96.521858215332 85.1024703979492 86.915756225586 90.064582824707 96.636947631836 97.6893005371094 135.393753051758 133.922912597656 111.243095397949 124.09375 75.1204299926758 50.1855316162109 40.1749114990234 45.3876266479492 39.0094795227051 38.035472869873 38 38 37.7871360778809 37.8605537414551 37.202938079834 53.6586265563965 99.8220062255859 99.3614120483398 87.7795333862305
-9999 -9999 -9999 -9999 -9999 -9999 -9999 -9999 -9999 -9999 -9999 -9999 -9999 159.657974243164 234.537170410156 233.270126342773 1855.08959960938 3209.26928710937 3260.94677734375 1344.00073242188 339.745361328125 291.814392089844 253.635528564453 216.789215087891 197.627151489258 192.255355834961 170.989059448242 149.242156982422 132.276962280273 117.551208496094 113.600532531738 111.277412414551 101.415916442871 99.23974609375 94.3808822631836 92.1998291015625 87.7746200561523 96.8928909301758 82.3861770629883 99.4524002075195 94.298469543457 67.2517929077148 74.2134628295898 87.8649520874024 71.5744781494141 60.7848701477051 55.578670501709 50.3935317993164 44.2008934020996 40.344970703125 38.8316802978516 37.2887649536133 36.4108772277832 36 34.6468734741211 34.3349723815918 35.7443618774414 57.5441856384277 92.0196914672852 112.208869934082
-9999 -9999 -9999 -9999 -9999 -9999 -9999 -9999 -9999 -9999 -9999 -9999 -9999 183.709411621094 187.734603881836 137.111129760742 2034.83740234375 2687.33081054687 2070.91357421875 483.121490478516 324.053131103516 286.291046142578 225.726119995117 200.401351928711 187.427825927734 176.431396484375 163.39013671875 145.404800415039 129.598937988281 110.73258972168 105.016487121582 106.216079711914 174.380554199219 109.033134460449 99.8844375610352 100 98.0764999389648 92.9279327392578 89.191032409668 93.7145919799805 71.7065200805664 58.8440551757812 58.7235069274902 60.4544219970703 57.1983680725098 55.7589950561524 57.5429153442383 54.400951385498 45.421630859375 43.5670967102051 39.7095680236816 38 37.223072052002 34.7865371704102 31.5345764160156 31.868480682373 26.2269992828369 45.7099456787109 88.5708618164062 100.457084655762
-9999 -9999 -9999 -9999 -9999 -9999 -9999 -9999 -9999 -9999 -9999 -9999 108.799736022949 200.617156982422 72.454948425293 148.773025512695 2675.08642578125 3151.2294921875 2641.85229492188 829.513793945312 372.091949462891 267.464996337891 227.576965332031 203.583724975586 183.382995605469 169.841522216797 156.672424316406 149.755111694336 137.179992675781 113.388313293457 102.159622192383 104.450035095215 100 97.8408966064453 96.4194107055664 93.1953048706055 98.8800582885742 99.7562713623047 96.7537612915039 100 81.9587478637695 86.3634033203125 60.9017181396484 62.1312370300293 60.0929641723633 58.2581100463867 55 50.9587135314941 47.4444122314453 43.6424827575684 40.1666526794434 38.5880546569824 37.4108772277832 34.3087043762207 31.3926944732666 28.4501609802246 27.4791126251221 23.7633304595947 31.7919788360596 61.0439910888672
-9999 -9999 -9999 -9999 -9999 -9999 -9999 -9999 -9999 -9999 -9999 -9999 168.310516357422 406.269836425781 65.5391235351562 56.2819442749023 1441.72241210938 3324.669921875 2626.86596679688 813.267333984375 389.427673339844 328.217163085938 245.497299194336 200.695709228516 177.989273071289 174.769317626953 156.998825073242 149.12483215332 141.765502929688 125.951782226562 111.502067565918 105.290435791016 101.257957458496 99.3623352050781 98.3582458496094 91.3785858154297 90.0125350952148 87.7813339233398 79.3584823608398 73.8234252929688 70.5429153442383 72.9932708740234 64.6446304321289 65.378662109375 80.48583984375 70.1505508422852 55.2614669799805 48.099006652832 46.8448600769043 42.0266075134277 40.1666526794434 38.9137496948242 37.4108772277832 35.8605079650879 30.8045635223389 28.2321453094482 27.0405330657959 27.2986907958984 26.6980533599854 30.2623729705811
-9999 -9999 -9999 -9999 -9999 -9999 -9999 -9999 -9999 -9999 -9999 -9999 6.62276124954224 101.443504333496 31.8211421966553 181.361740112305 1001.67932128906 3812.7666015625 1888.75219726563 628.818237304688 374.441711425781 268.941619873047 233.679748535156 204.826171875 188.910629272461 167.872146606445 154.942199707031 149.162307739258 141.575820922852 124.747436523438 115.413246154785 104.89559173584 100.336540222168 98.0160217285156 99.7220153808594 100.059150695801 100.248222351074 99.8513946533203 91.1085739135742 73.5873718261719 72.0132751464844 68.8217391967774 87.7308044433594 91.0066604614258 94.3152847290039 74.9494781494141 55.6466331481934 53.3300514221191 51.310718536377 45.7141761779785 40.6570358276367 40.2377738952637 36.4108772277832 35 35.0547752380371 32.032470703125 30.5297355651855 29.3607273101807 29.0176658630371 21.6124935150146
-9999 -9999 -9999 -9999 -9999 -9999 -9999 -9999 -9999 -9999 -9999 -9999 -9999 -9999 43.896556854248 84.6566925048828 3687.0234375 2617.66552734375 1350.48107910156 512.689331054688 292.019836425781 272.219665527344 230.236892700195 211.793640136719 185.871673583984 166.556869506836 149.917984008789 141.930068969727 134.84928894043 110.923614501953 104.694396972656 102.755874633789 100.970344543457 98.2805480957031 96.7674560546875 92.5972366333008 91.8586120605469 100.131217956543 83.0062103271484 84.9744033813477 98.3441772460937 71.5731506347656 76.1530609130859 93.3776779174805 96.6725158691406 62.2330780029297 91.4862823486328 77.0131072998047 62.9780769348144 57.140007019043 48.1757316589356 42.2500267028809 38.0544662475586 38 37.673885345459 35.7893486022949 36.3813285827637 32.9866523742676 30.0997543334961 71.9933776855469
-9999 -9999 -9999 -9999 -9999 -9999 -9999 -9999 -9999 -9999 -9999 -9999 -9999 -9999 -9999 386.896270751953 2409.07666015625 2530.11840820312 986.149841308594 617.011108398438 296.631622314453 237.495391845703 220.92707824707 200.744186401367 181.919097900391 160.838180541992 143.585250854492 138.489318847656 127.300384521484 116.370132446289 105.191886901855 102.578521728516 101.065521240234 100.084609985352 99.9711990356445 90.6926040649414 88.4261627197265 87.4715118408203 81.6538696289062 78.3221130371094 84.5338516235352 82.9277801513672 82.1092758178711 77.9663238525391 70.2942657470703 67.4911956787109 95.8061599731445 89.5330963134766 95.094856262207 68.9102401733398 53.6867027282715 40.2708168029785 38 39.4292907714844 40.1539268493652 35.1305503845215 53.7613716125488 34.0438041687012 83.1538314819336 70.4615859985352
-9999 -9999 -9999 -9999 -9999 -9999 -9999 -9999 -9999 -9999 -9999 -9999 -9999 114.986206054687 231.601791381836 770.040893554688 3296.54272460938 1295.13781738281 1157.27795410156 574.019897460938 382.335968017578 192.333404541016 187.495208740234 179.092300415039 165.677597045898 153.661529541016 139.658126831055 127.561920166016 116.768585205078 112.357719421387 106.674362182617 100.160636901855 97.968635559082 97.1553192138672 95.3390426635742 95.8102416992188 95.7675933837891 76.9158401489258 80.4609146118164 88.750373840332 90.4410629272461 89.5785140991211 82.5692749023438 69.7561111450195 66.7468948364258 81.749267578125 94.4224395751953 95.9886093139648 94.8719024658203 66.3202438354492 45.4974098205566 39.4224700927734 42.8300933837891 46.3966903686523 53.5229721069336 68.9416351318359 93.3022155761719 36.4690093994141 78.7102355957031 66.6982040405273
-9999 -9999 -9999 -9999 -9999 -9999 -9999 -9999 -9999 -9999 -9999 -9999 -9999 261.898162841797 719.244323730469 1295.51403808594 2413.50073242188 2373.36499023438 1471.02612304688 622.025756835938 410.849945068359 195.696594238281 172.220306396484 161.843734741211 156.829925537109 139.347915649414 128.554718017578 126.394439697266 117.526016235352 114.469429016113 105.588806152344 98.4108352661133 100 99.8126525878906 99.6881332397461 99.1688613891602 100.457084655762 94.0990524291992 89.2459716796875 98.1194610595703 96.0643920898438 91.5657119750977 82.759033203125 75.3118667602539 75.1320343017578 86.9690856933594 98.4766159057617 96.7643890380859 90.2603149414062 59.1353569030762 48.6287422180176 44.3274917602539 48.5891227722168 49.1852111816406 76.1200180053711 75.1557312011719 61.2497978210449 49.021842956543 75.8452758789062 92.8559494018555
-9999 -9999 -9999 -9999 -9999 -9999 -9999 -9999 -9999 -9999 -9999 -9999 45.4638671875 572.796630859375 270.557861328125 1789.78881835938 2829.52319335938 1672.66235351562 1446.67590332031 328.332550048828 457.620361328125 195.800048828125 160.70198059082 150.522857666016 148.626983642578 147.846771240234 146.063919067383 135.389175415039 122.920761108398 103.522331237793 99.6478958129883 174.794204711914 106.55965423584 193.722442626953 118.551940917969 100 100 98.3608169555664 100 100 100.464813232422 100.067642211914 82.7045669555664 76.3118667602539 76.1320343017578 78.3872909545899 79.2757415771484 82.33203125 73.988410949707 57.9831466674805 68.0691528320312 61.8107719421387 59.194694519043 60.0791625976562 81.7184829711914 77.6480255126953 50.906078338623 89.6570129394531 86.7698974609375 78.4020080566406
-9999 -9999 -9999 -9999 -9999 -9999 -9999 -9999 -9999 -9999 -9999 -9999 8.43438911437988 55.016185760498 133.727294921875 244.070709228516 3034.04077148438 1936.92297363281 1760.6572265625 1090.35437011719 947.613586425781 476.888122558594 526.701049804688 293.548126220703 181.15251159668 200.533477783203 172.098693847656 135.128067016602 121.803314208984 109.896347045898 103.893371582031 165.766372680664 154.845809936523 185.326156616211 138.44157409668 133.617004394531 100 98.2243728637695 100 100 99.9758224487305 95.8411865234375 90.6061248779297 84.2603378295898 78.5243682861328 80.8380126953125 86.6139602661133 76.1172103881836 69.2715301513672 64.3514938354492 73.2781524658203 88.2068176269531 85.3764877319336 80.8490142822265 69.9405364990234 63.236442565918 68.6358184814453 97.312614440918 97.5388412475586 90.0597991943359
-9999 -9999 -9999 -9999 -9999 -9999 -9999 -9999 -9999 -9999 -9999 -9999 -9999 9 90.3143692016602 289.029907226562 2058.05102539062 2615.20336914062 938.883850097656 973.461486816406 1368.65283203125 1027.77746582031 862.809631347656 198.412948608398 190.009643554688 193.015823364258 142.319671630859 129.182678222656 140.613327026367 184.242416381836 160.775329589844 192.021560668945 107.830825805664 190.564102172852 167.449310302734 190.33757019043 192.635848999023 186.760131835938 113.722229003906 124.649307250977 99.0544662475586 97.8998107910156 94.9587326049805 91.1488723754883 82.112190246582 80.0221481323242 91.2525634765625 99.2273864746094 78.8723831176758 71.682746887207 71.750846862793 98.4332656860352 77.8505859375 80.3416137695312 67.0578842163086 78.9238815307617 97.8670806884765 92.2769317626953 71.5493774414062 99.2656631469727
-9999 -9999 -9999 -9999 -9999 -9999 -9999 -9999 -9999 -9999 -9999 -9999 -9999 200.395065307617 30.5038318634033 114.385780334473 913.707153320312 2829.54418945312 1712.50134277344 2027.26525878906 1955.59436035156 1651.67175292969 994.119445800781 543.526306152344 287.724212646484 230.514938354492 141.91682434082 146.047348022461 190.038787841797 193.041488647461 188.692672729492 167.728546142578 199.855758666992 194.70671081543 190.287384033203 169.005142211914 171.186447143555 134.746032714844 146.855331420898 100 99 99.0509872436523 96.0773696899414 96.5791854858399 99.0272598266602 99.5549468994141 98.3193435668945 97.919937133789 82 77.7186126708984 83.8309555053711 92.5842590332031 96.1939010620117 64.5815887451172 89.9632568359375 97.7792892456055 95.7101211547852 100 98.1761245727539 100
-9999 -9999 -9999 -9999 -9999 -9999 -9999 -9999 -9999 -9999 -9999 -9999 -9999 -9999 -9999 52.0899963378906 135.990020751953 677.513305664062 2369.64233398438 3141.92407226562 2893.29565429688 1341.79370117188 790.887573242188 360.366271972656 857.56689453125 611.925903320312 165.603332519531 204.55632019043 167.662292480469 291.503051757812 199.745788574219 197.067337036133 200.70866394043 192.618957519531 177.978652954102 186.901809692383 188.903228759766 193.831680297852 197.863983154297 101.761489868164 107.820114135742 91.5167617797851 99.1897583007812 98.4428176879883 98.5682373046875 91.5948333740234 95.8520889282227 93.5838470458984 97.9129104614258 99.3768005371094 86.7684631347656 99.7336349487305 97.1238632202149 83.7000503540039 100 96.4088363647461 99.8604736328125 87.3628234863281 69.5102310180664 77.716194152832
-9999 -9999 -9999 -9999 -9999 -9999 -9999 -9999 -9999 -9999 -9999 -9999 -9999 -9999 -9999 -9999 123.393867492676 778.928100585938 2031.27185058594 3180.0361328125 3098.64038085938 2376.00244140625 464.195343017578 396.050537109375 808.351745605469 312.316955566406 197.006057739258 179.908737182617 195.160751342773 201.486434936523 199.914077758789 185.719055175781 195.105285644531 200 197.645202636719 196.677780151367 199.044540405273 199.083419799805 198.858459472656 195.972625732422 194.186935424805 94.2812881469727 99.9639129638672 97.6268310546875 96.9302444458008 97.3611145019531 93.2643814086914 99.0177307128906 95.1478729248047 98.9960327148438 98.6841125488281 99.897102355957 99.607421875 72.1978607177734 108.897491455078 117.036209106445 100 99.0846862792969 100.076293945312 113.20458984375
-9999 -9999 -9999 -9999 -9999 -9999 -9999 -9999 -9999 -9999 -9999 -9999 -9999 -9999 -9999 -9999 -9999 237.15478515625 1905.068359375 2589.18408203125 2645.7373046875 3909.69702148437 1037.50134277344 460.834350585938 509.762542724609 537.207946777344 202.447525024414 155.328796386719 189.442108154297 279.742584228516 258.195526123047 199.923263549805 200 200 192.596542358398 197.555923461914 197.028915405273 200 200 198.216064453125 186.005065917969 101.311637878418 100 97.2169418334961 99.9276733398438 99.6853866577148 99.4348220825195 94.5002899169922 99.3089447021484 99.6666946411133 99.8333435058594 83.9756927490235 91.2346343994141 97.9570388793945 131.478240966797 183.298110961914 187.834487915039 108.730453491211 96.8274002075195 97.223991394043
-9999 -9999 -9999 -9999 -9999 -9999 -9999 -9999 -9999 -9999 -9999 -9999 -9999 -9999 -9999 -9999 -9999 -9999 1230.80065917969 3062.97973632813 3268.345703125 3274.7470703125 3688.533203125 846.151123046875 974.445678710938 753.710266113281 268.498352050781 154.544052124023 165.35009765625 219.782974243164 302.287872314453 197.347961425781 196.430282592773 199.94758605957 200 197.86979675293 196.841506958008 200 200 170.01139831543 177.585494995117 196.595901489258 165.018753051758 119.543182373047 130.740966796875 98.6638412475586 97.5176391601563 101.682693481445 102.105987548828 126.833908081055 107.606903076172 86.4197845458984 92.4695053100586 99.6209182739258 100.245307922363 159.247024536133 166.812866210938 175.246109008789 102.525161743164 130.147521972656
-9999 -9999 -9999 -9999 -9999 -9999 -9999 -9999 -9999 -9999 -9999 -9999 -9999 -9999 -9999 -9999 -9999 -9999 -9999 723.022705078125 2783.72705078125 3492.66870117188 2617.36865234375 2393.4677734375 610.579406738281 749.444396972656 372.591522216797 308.059783935547 185.366073608398 190.663711547852 191.008193969727 226.979705810547 200 294.137084960938 212.665588378906 240.372650146484 198.384323120117 197.101928710937 178.817672729492 197.721282958984 178.984741210938 195.288269042969 195.147033691406 185.487274169922 159.876831054688 96.5230331420898 158.35498046875 109.619842529297 249.114212036133 101.648025512695 95.8745956420898 109.081985473633 106.77759552002 163.156112670898 196.145294189453 196.675354003906 234.313842773437 298.937866210938 156.650497436523 163.617691040039
-9999 -9999 -9999 -9999 -9999 -9999 -9999 -9999 -9999 -9999 -9999 -9999 -9999 -9999 -9999 -9999 -9999 -9999 -9999 154.402160644531 2242.15258789062 4388.7080078125 2987.45703125 3524.38256835938 2826.24926757812 774.787841796875 498.874237060547 252.580963134766 380.197113037109 321.382690429688 283.751861572266 226.78515625 229.571670532227 294.283142089844 286.104431152344 244.686157226562 252.168640136719 213.254104614258 200 198.132690429688 193.6240234375 197.529815673828 199.722915649414 187.620315551758 117.257225036621 162.827728271484 178.137069702148 150.039733886719 178.157592773438 149.69059753418 123.250770568848 166.933868408203 195.054382324219 193.536560058594 199.650833129883 199.295501708984 333.139892578125 241.404541015625 184.2431640625 167.902862548828
