layers/ele.asc
NCOLS 128 
NROWS 165 
XLLCORNER -2985163.8955 
YLLCORNER -3022031.214 
CELLSIZE 50000 
NODATA_value -9999 
[rows 54 to 80 of 165, columns 60 to 119 of 128]
268.038482666016 217.154037475586 186.84001159668 183.426040649414 267.764709472656 287.201354980469 282.680786132812 314.160888671875 229.912628173828 218.678695678711 236.564453125 374.234222412109 422.914093017578 382.547546386719 205.324188232422 296.832794189453 231.605407714844 313.550445556641 344.313446044922 223.631256103516 172.59797668457 224.009246826172 265.038940429688 343.527862548828 180.915634155273 300.333587646484 279.348815917969 343.886322021484 622.523803710938 457.449462890625 394.056304931641 441.835845947266 325.134796142578 511.076263427734 581.856689453125 566.831420898438 660.413269042969 472.392059326172 453.915344238281 425.072235107422 345.821319580078 401.457855224609 345.605010986328 417.914672851562 357.198089599609 372.264892578125 418.575469970703 447.081329345703 580.8037109375 587.540283203125 734.086242675781 532.316528320312 375.917907714844 32.767032623291 -9999 -9999 -9999 -9999 -9999 -9999
213.010940551758 197.852890014648 181.707580566406 199.041946411133 271.007537841797 298.493835449219 306.619567871094 296.456451416016 349.666076660156 348.906677246094 363.713836669922 328.463592529297 299.902587890625 301.094573974609 199.393341064453 313.789245605469 314.443328857422 337.219848632813 338.532958984375 195.45036315918 199.890670776367 242.950241088867 299.694763183594 267.411437988281 217.252563476562 364.283538818359 368.001922607422 338.735595703125 503.287719726562 766.329040527344 643.460815429688 557.158020019531 394.218231201172 452.105682373047 572.48046875 447.800720214844 424.848663330078 462.115753173828 460.718475341797 479.650665283203 570.170654296875 406.099090576172 435.269348144531 440.369049072266 426.835052490234 405.749298095703 183.800918579102 504.720245361328 309.616821289062 666.777526855469 494.311126708984 364.154876708984 138.787857055664 -9999 -9999 -9999 -9999 -9999 -9999 -9999
269.295623779297 311.721740722656 285.483489990234 241.059753417969 220.203582763672 402.021087646484 297.549621582031 386.11865234375 317.852508544922 303.944976806641 291.629852294922 295.645538330078 264.373291015625 250.841567993164 248.017105102539 304.533538818359 297.043090820312 268.406921386719 272.374267578125 191.534820556641 194.230972290039 225.476257324219 281.892028808594 300.882690429688 284.899871826172 351.07470703125 366.750915527344 468.573974609375 547.846374511719 723.868957519531 746.253845214844 496.944610595703 567.128784179687 544.225158691406 599.915405273438 479.820251464844 445.137054443359 453.76416015625 434.338989257813 748.372924804688 769.19482421875 711.442077636719 473.410980224609 461.858245849609 375.462860107422 301.777496337891 242.611190795898 138.355529785156 197.016708374023 329.587951660156 386.143249511719 108.1005859375 -9999 -9999 -9999 -9999 -9999 -9999 -9999 -9999
360.387817382812 391.229400634766 367.67724609375 280.429931640625 299.299041748047 278.373962402344 398.097991943359 299.8046875 357.839630126953 442.818878173828 314.769897460937 312.876007080078 304.087860107422 259.220672607422 297.826873779297 269.020324707031 329.166839599609 347.488037109375 261.363677978516 185.280334472656 196.23942565918 232.516220092773 302.992828369141 272.242370605469 268.251281738281 414.068206787109 590.781799316406 669.690795898437 906.343811035156 697.377319335937 520.88037109375 517.966186523437 487.175628662109 556.185363769531 458.878112792969 456.498046875 418.228118896484 427.11083984375 450.911407470703 802.623718261719 630.195251464844 697.794494628906 411.344482421875 442.40185546875 562.251159667969 460.848937988281 249.116500854492 243.302062988281 157.576461791992 147.400512695312 78.0215606689453 -9999 -9999 -9999 -9999 -9999 -9999 -9999 -9999 -9999
428.201812744141 334.261962890625 316.379241943359 393.892517089844 339.550567626953 346.412200927734 360.492431640625 378.136688232422 299.481811523438 400.279510498047 470.308410644531 303.986785888672 248.142593383789 240.314147949219 298.941772460938 281.294525146484 347.976898193359 398.780303955078 307.867980957031 195.429168701172 212.955703735352 256.410705566406 309.395843505859 308.940643310547 298.122467041016 336.703796386719 456.470703125 527.636413574219 658.901916503906 866.320434570312 673.834350585938 628.560119628906 453.659301757812 427.507629394531 448.225860595703 392.296112060547 799.804321289062 717.697692871094 762.611755371094 722.325073242188 713.700500488281 495.664245605469 316.542327880859 277.350311279297 363.162445068359 321.897338867188 359.833465576172 253.395324707031 99.5542831420898 49.3518943786621 -9999 -9999 -9999 -9999 -9999 -9999 -9999 -9999 -9999 -9999
358.830108642578 364.8095703125 383.02734375 398.259094238281 394.420135498047 402.131805419922 382.572235107422 406.379333496094 297.530578613281 375.623657226563 325.393737792969 296.106323242187 280.974914550781 252.900909423828 304.711853027344 290.917785644531 288.661407470703 405.266632080078 230.340744018555 197.577743530273 248.158874511719 299.371673583984 424.613922119141 310.636505126953 273.480682373047 463.171295166016 483.504608154297 518.513000488281 809.508178710938 793.177734375 623.338989257812 525.046813964844 452.450042724609 538.806335449219 483.423095703125 457.404907226562 861.560607910156 753.876098632812 726.453247070312 916.198852539062 681.824279785156 533.769653320312 394.314697265625 363.143005371094 270.817138671875 143.471206665039 311.319519042969 102.704795837402 -9999 -9999 -9999 -9999 -9999 -9999 -9999 -9999 -9999 -9999 -9999 -9999
499.039611816406 416.76025390625 442.201873779297 400.803771972656 400.7919921875 386.188049316406 305.512023925781 383.863189697266 341.579223632812 375.011505126953 380.411071777344 322.158081054688 287.061279296875 265.017639160156 263.023406982422 303.301177978516 306.275573730469 307.734497070312 230.907089233398 213.554336547852 317.675384521484 430.906860351562 357.353759765625 445.932159423828 291.163726806641 305.939849853516 380.602142333984 448.872589111328 691.46435546875 796.3310546875 646.972290039062 611.552551269531 752.310668945312 744.103942871094 550.892333984375 617.429565429688 707.869018554688 970.266662597656 870.031066894531 764.663269042969 537.863525390625 484.087707519531 426.544586181641 347.521118164062 293.347534179688 190.328750610352 137.939346313477 11.8478097915649 -9999 -9999 -9999 -9999 -9999 -9999 -9999 -9999 -9999 -9999 -9999 -9999
584.011108398438 539.249877929688 523.873229980469 513.599670410156 477.653167724609 393.390838623047 365.378509521484 396.119110107422 411.029998779297 400.287078857422 398.838775634766 340.836242675781 349.7255859375 284.713317871094 306.532989501953 303.096984863281 420.381774902344 330.401733398438 250.608184814453 239.459091186523 432.596252441406 466.368682861328 448.779754638672 522.24072265625 306.152435302734 306.341735839844 514.704284667969 612.75048828125 906.101989746094 752.727233886719 696.292358398438 765.124694824219 801.119140625 547.450073242188 440.357482910156 696.313659667969 494.703704833984 1131.94592285156 849.652587890625 600.954040527344 531.277587890625 319.627532958984 283.168243408203 186.522247314453 304.417327880859 149.035949707031 28.4609336853027 -9999 -9999 -9999 -9999 -9999 -9999 -9999 -9999 -9999 -9999 -9999 -9999 -9999
562.019226074219 624.86572265625 585.936096191406 584.803405761719 526.387573242188 489.139007568359 395.915313720703 372.554138183594 466.274536132812 446.725128173828 462.364379882813 423.511413574219 430.069488525391 309.604675292969 311.637847900391 328.600616455078 499.076202392578 291.391387939453 264.669281005859 280.509155273438 307.919921875 613.062133789062 593.554992675781 587.799011230469 383.137908935547 789.304382324219 447.378448486328 482.70068359375 888.552062988281 784.896118164063 733.356018066406 663.38330078125 670.85400390625 456.912445068359 455.683380126953 743.460571289062 590.870178222656 1149.79528808594 1000.0712890625 380.343048095703 413.597961425781 242.250640869141 207.662521362305 141.183090209961 119.007934570312 41.3092002868652 -9999 -9999 -9999 -9999 -9999 -9999 -9999 -9999 -9999 -9999 -9999 -9999 -9999 -9999
451.216369628906 662.220397949219 673.897399902344 624.996398925781 576.162475585938 313.169250488281 396.366363525391 400.684417724609 503.428009033203 562.053039550781 431.760009765625 476.023956298828 652.591064453125 419.46875 555.039428710938 468.591796875 399.309753417969 304.894866943359 283.974029541016 297.205291748047 366.635803222656 505.698028564453 626.104675292969 524.755859375 476.340698242188 796.958435058594 800.690673828125 483.659149169922 911.197937011719 753.013916015625 669.749206542969 714.673461914062 627.127075195313 629.554504394531 444.858612060547 855.185607910156 736.093139648438 1066.06872558594 1053.65515136719 578.377136230469 390.427856445312 670.239868164062 314.629730224609 143.501617431641 -9999 -9999 -9999 -9999 -9999 -9999 -9999 -9999 -9999 -9999 -9999 -9999 -9999 -9999 -9999 -9999
390.002258300781 648.318542480469 663.248901367188 493.441040039062 217.290237426758 199.114639282227 191.329605102539 256.699066162109 295.967407226562 371.685302734375 457.670715332031 542.278625488281 591.883605957031 569.111450195312 613.932861328125 475.616302490234 347.780456542969 307.182189941406 289.610290527344 298.951812744141 442.200256347656 513.184936523438 520.535522460938 641.078247070312 571.099426269531 917.643493652344 570.730407714844 519.299255371094 831.195739746094 779.603393554688 756.256225585938 621.052368164063 584.198608398438 442.581237792969 459.65625 556.529541015625 880.05859375 478.097076416016 878.450866699219 413.897277832031 661.614990234375 578.517944335938 252.701522827148 49.8986015319824 -9999 -9999 -9999 -9999 -9999 -9999 -9999 -9999 -9999 -9999 -9999 -9999 -9999 -9999 -9999 -9999
238.683822631836 293.453887939453 431.883453369141 337.807250976562 162.952285766602 127.103393554687 327.030181884766 344.1611328125 319.836151123047 414.614349365234 752.880493164062 649.894958496094 648.382141113281 544.425109863281 464.102203369141 449.049133300781 309.366241455078 304.952453613281 304.210205078125 466.127777099609 777.890869140625 587.719604492188 641.443969726562 837.902587890625 901.078491210938 1042.58850097656 519.156311035156 733.48876953125 787.812927246094 774.731079101562 774.200317382812 619.747253417969 550.806701660156 558.039794921875 588.024719238281 698.327819824219 619.38623046875 443.2646484375 338.68994140625 499.155792236328 390.602508544922 246.317428588867 270.784088134766 -9999 -9999 -9999 -9999 -9999 -9999 -9999 -9999 -9999 -9999 -9999 -9999 -9999 -9999 -9999 -9999 -9999
351.916198730469 389.485992431641 259.927734375 219.737670898438 133.519378662109 196.726013183594 278.901763916016 191.856918334961 223.211807250977 626.505920410156 570.336791992188 596.141296386719 608.641357421875 575.212097167969 413.787780761719 515.916442871094 305.924743652344 310.613220214844 321.322082519531 528.0888671875 607.188842773438 627.099853515625 761.218322753906 771.385620117188 835.108825683594 868.840942382812 756.921508789062 765.350708007813 787.220520019531 761.785278320312 760.507019042969 762.354736328125 550.11572265625 484.974456787109 527.241333007812 677.391723632812 718.558715820312 727.419250488281 590.150207519531 579.767272949219 819.167724609375 254.227630615234 137.331085205078 -9999 -9999 -9999 -9999 -9999 -9999 -9999 -9999 -9999 -9999 -9999 -9999 -9999 -9999 -9999 -9999 -9999
419.505920410156 322.225860595703 238.50048828125 217.399215698242 126.927612304688 164.017517089844 180.705169677734 155.167846679688 259.274688720703 456.000854492188 368.783630371094 350.890228271484 829.939208984375 517.816772460938 406.968658447266 346.433258056641 304.7412109375 342.080322265625 424.939666748047 497.462005615234 623.04541015625 677.256225585938 918.255310058594 975.015625 1116.41369628906 1027.33288574219 907.977783203125 625.255187988281 707.996826171875 692.835510253906 603.330505371094 654.523742675781 526.183532714844 498.324951171875 597.021057128906 1038.98120117188 1001.77770996094 884.125427246094 783.167419433594 821.105712890625 597.866760253906 260.356872558594 127.336761474609 -9999 -9999 -9999 -9999 -9999 -9999 -9999 -9999 -9999 -9999 -9999 -9999 -9999 -9999 -9999 -9999 -9999
206.705825805664 190.281799316406 161.264923095703 145.759719848633 200.515823364258 140.099700927734 123.954620361328 172.606811523438 259.573638916016 374.020294189453 308.417358398438 322.755096435547 577.530639648438 610.507446289062 402.318176269531 777.055358886719 485.744232177734 528.181579589844 465.939666748047 604.935607910156 924.713500976562 884.270080566406 915.344177246094 916.145812988281 1036.86865234375 926.464172363281 895.387634277344 677.75830078125 566.812438964844 589.533996582031 499.345733642578 659.7041015625 651.312438964844 591.668395996094 638.1923828125 903.706420898438 825.624755859375 771.483337402344 649.412902832031 463.344329833984 269.429260253906 254.3232421875 50.5224571228027 -9999 -9999 -9999 -9999 -9999 -9999 -9999 -9999 -9999 -9999 -9999 -9999 -9999 -9999 -9999 -9999 -9999
401.910919189453 158.216323852539 118.357574462891 118.13777923584 168.871109008789 109.011672973633 113.565483093262 141.558227539062 232.171234130859 277.383117675781 308.940155029297 488.70263671875 630.2880859375 609.704162597656 553.563842773438 603.236572265625 611.971923828125 567.612670898438 580.905578613281 615.599548339844 690.147705078125 820.537109375 919.592346191406 926.644836425781 909.959838867188 922.257080078125 629.530700683594 851.179443359375 603.286437988281 549.865356445312 601.074401855469 758.2236328125 629.145080566406 649.015625 896.634643554688 845.295471191406 777.159057617188 869.761413574219 664.920959472656 610.860656738281 504.224822998047 185.191650390625 52.1562385559082 -9999 -9999 -9999 -9999 -9999 -9999 -9999 -9999 -9999 -9999 -9999 -9999 -9999 -9999 -9999 -9999 -9999
278.109313964844 253.681930541992 166.57453918457 106.143569946289 117.753921508789 105.871353149414 111.420883178711 121.49934387207 139.694000244141 248.757400512695 391.578521728516 577.381469726562 659.627868652344 622.941345214844 591.2548828125 700.75146484375 849.567016601563 720.801818847656 619.535217285156 593.067565917969 613.569763183594 908.976501464844 894.230651855469 890.654602050781 861.560791015625 900.783508300781 629.052856445312 579.235412597656 647.545959472656 547.786926269531 593.569274902344 812.590942382812 797.728881835938 835.626098632813 870.842590332031 739.701782226562 832.092468261719 838.197082519531 431.847259521484 403.977081298828 253.798217773438 175.892272949219 47.493034362793 -9999 -9999 -9999 -9999 -9999 -9999 -9999 -9999 -9999 -9999 -9999 -9999 -9999 -9999 -9999 -9999 -9999
384.507415771484 535.695251464844 257.612915039062 214.719665527344 251.712600708008 101.705932617188 117.518226623535 133.140213012695 149.841369628906 205.729690551758 311.149444580078 580.701965332031 607.627197265625 686.894104003906 797.196228027344 845.348388671875 862.72802734375 782.499450683594 597.565063476562 559.091064453125 599.00927734375 614.002136230469 774.246154785156 717.306457519531 916.131530761719 863.628540039062 665.302917480469 572.81396484375 573.530639648438 581.169006347656 595.205871582031 652.947937011719 827.71337890625 977.825744628906 708.7958984375 451.484588623047 450.978973388672 567.466125488281 599.618774414062 532.457763671875 332.794250488281 100.136528015137 2 -9999 -9999 -9999 -9999 -9999 -9999 -9999 -9999 -9999 -9999 -9999 -9999 -9999 -9999 -9999 -9999 -9999
421.158233642578 254.572662353516 337.482360839844 295.020568847656 251.129196166992 104.008094787598 117.39778137207 133.190856933594 152.252639770508 183.95654296875 421.094146728516 364.016265869141 510.901519775391 651.097900390625 715.02587890625 626.405456542969 623.366271972656 693.023071289062 611.267944335938 542.441467285156 612.467224121094 850.111877441406 671.895385742188 768.764587402344 862.692321777344 905.309326171875 650.158020019531 611.992431640625 657.715698242188 676.815490722656 557.965942382812 1043.16235351562 934.674011230469 712.461608886719 623.858337402344 654.223388671875 885.998840332031 567.479370117188 325.840972900391 293.124359130859 191.475524902344 99.9759674072266 -9999 -9999 -9999 -9999 -9999 -9999 -9999 -9999 -9999 -9999 -9999 -9999 -9999 -9999 -9999 -9999 -9999 -9999
235.847015380859 243.85871887207 258.510711669922 267.886383056641 113.629463195801 99.7838439941406 110.276901245117 127.342216491699 150.360595703125 175.708312988281 285.711547851562 334.673461914062 486.858764648438 656.466247558594 688.672302246094 619.790161132812 583.464965820312 588.17626953125 576.140991210938 532.096801757812 600.369873046875 605.656677246094 608.548095703125 616.2353515625 649.112060546875 798.188537597656 688.27978515625 695.481994628906 776.309875488281 572.914978027344 671.044738769531 1022.73736572266 1220.77355957031 849.096740722656 866.265319824219 901.745727539062 846.809631347656 307.65771484375 302.269409179688 322.958740234375 138.21452331543 17.4773998260498 -9999 -9999 -9999 -9999 -9999 -9999 -9999 -9999 -9999 -9999 -9999 -9999 -9999 -9999 -9999 -9999 -9999 -9999
315.361297607422 292.7998046875 169.305145263672 294.608489990234 126.638549804688 82.4967041015625 92.5371398925781 98.4348983764648 100.734352111816 261.119262695312 571.887329101562 335.884582519531 593.790771484375 624.869689941406 650.080261230469 593.191650390625 574.362243652344 526.194580078125 478.515655517578 543.009094238281 600.472900390625 642.916320800781 696.660278320312 834.712097167969 889.576477050781 898.028564453125 885.284545898438 914.355773925781 723.328430175781 609.861999511719 639.819274902344 586.009948730469 1115.46899414062 879.614074707031 645.440979003906 644.907897949219 567.303527832031 568.724731445312 360.040374755859 169.542236328125 60.6535606384277 1.57580733299255 -9999 -9999 -9999 -9999 -9999 -9999 -9999 -9999 -9999 -9999 -9999 -9999 -9999 -9999 -9999 -9999 -9999 -9999
240.880126953125 265.514434814453 115.968536376953 102.331512451172 85.943962097168 75.0059356689453 89.389533996582 89.8289337158203 101.665870666504 260.961273193359 534.359619140625 429.318054199219 463.707000732422 606.519226074219 451.533843994141 503.163879394531 583.549499511719 442.623931884766 409.696990966797 590.460266113281 593.69140625 617.119140625 712.116516113281 909.09130859375 890.377868652344 885.828491210938 897.853820800781 989.479797363281 767.405212402344 609.880920410156 649.468383789062 617.863403320312 1030.67260742188 818.719360351562 869.291442871094 501.910247802734 393.656982421875 580.855163574219 277.350952148438 144.475830078125 12.9397964477539 -9999 -9999 -9999 -9999 -9999 -9999 -9999 -9999 -9999 -9999 -9999 -9999 -9999 -9999 -9999 -9999 -9999 -9999 -9999
169.787979125977 145.013259887695 92.9987564086914 81.4922409057617 84.7036285400391 274.809020996094 103.10026550293 98.9607849121094 108.432708740234 310.366149902344 438.772247314453 547.181762695312 475.676818847656 424.429473876953 440.112823486328 447.102203369141 533.611877441406 399.230346679688 436.241058349609 429.386138916016 477.194976806641 597.830932617188 712.087158203125 830.433532714844 924.585144042969 913.004028320312 919.290222167969 899.811706542969 718.138549804687 624.310852050781 699.996520996094 646.308227539062 1061.09008789062 630.000244140625 560.053039550781 300.851654052734 189.634521484375 670.02734375 353.905090332031 79.3851852416992 -9999 -9999 -9999 -9999 -9999 -9999 -9999 -9999 -9999 -9999 -9999 -9999 -9999 -9999 -9999 -9999 -9999 -9999 -9999 -9999
132.016662597656 122.651054382324 82.9916610717774 77.7078247070312 70.4333877563477 268.172515869141 258.578002929688 168.163986206055 326.526641845703 316.638427734375 647.076477050781 511.124572753906 362.128265380859 311.050262451172 426.416320800781 312.840057373047 366.650299072266 341.248687744141 455.802551269531 434.470336914063 528.947937011719 515.014770507812 561.721130371094 594.607055664062 701.109191894531 1133.99047851562 1084.44079589844 888.860229492188 727.366577148438 704.281982421875 773.591125488281 893.839904785156 1010.37615966797 899.759155273438 312.128662109375 597.319580078125 492.277038574219 240.353530883789 436.988250732422 54.4944076538086 1 -9999 -9999 -9999 -9999 -9999 -9999 -9999 -9999 -9999 -9999 -9999 -9999 -9999 -9999 -9999 -9999 -9999 -9999 -9999
103.772598266602 87.4107360839844 76.2822189331055 70.92138671875 108.273284912109 232.660522460938 371.15673828125 172.696563720703 284.75341796875 289.102294921875 520.382080078125 518.284484863281 326.983764648438 377.859771728516 311.721862792969 312.811187744141 319.234436035156 338.934722900391 413.710632324219 447.482879638672 459.209411621094 464.401977539062 536.682983398438 594.730590820312 922.770874023438 816.402587890625 1035.89501953125 835.908325195312 801.673034667969 932.225769042969 928.119384765625 1182.10852050781 830.502502441406 813.52685546875 439.301422119141 815.782470703125 556.723510742188 267.16455078125 468.642944335937 10.4605922698975 -9999 -9999 -9999 -9999 -9999 -9999 -9999 -9999 -9999 -9999 -9999 -9999 -9999 -9999 -9999 -9999 -9999 -9999 -9999 -9999
119.35466003418 84.401481628418 75.1530151367188 73.6334991455078 143.246688842773 235.29850769043 491.039672851562 249.755599975586 453.117584228516 423.441223144531 478.769073486328 409.433837890625 366.582183837891 311.063201904297 318.038146972656 315.513793945312 321.107788085937 400.328796386719 385.291809082031 427.182891845703 458.369689941406 523.434143066406 564.899841308594 605.036193847656 751.571838378906 886.970031738281 809.258361816406 932.868347167969 904.168395996094 913.634216308594 915.213623046875 1149.10034179688 995.93212890625 539.066772460938 774.215637207031 900.914367675781 861.303283691406 1048.30163574219 116.828048706055 -9999 -9999 -9999 -9999 -9999 -9999 -9999 -9999 -9999 -9999 -9999 -9999 -9999 -9999 -9999 -9999 -9999 -9999 -9999 -9999 -9999
110.549278259277 87.6011352539062 77.7808837890625 73.6942825317383 231.512283325195 296.071136474609 345.034027099609 380.554229736328 518.272338867188 352.955780029297 308.016174316406 324.397491455078 308.203704833984 319.801818847656 303.903625488281 275.511871337891 331.937255859375 320.395111083984 435.571380615234 438.826782226562 444.719818115234 529.645935058594 604.51513671875 608.464599609375 618.193908691406 1058.77807617188 1038.611328125 756.195373535156 830.543151855469 895.741516113281 1005.0419921875 996.127807617187 780.094482421875 728.233947753906 912.360900878906 768.642639160156 181.043533325195 797.920104980469 13.989315032959 -9999 -9999 -9999 -9999 -9999 -9999 -9999 -9999 -9999 -9999 -9999 -9999 -9999 -9999 -9999 -9999 -9999 -9999 -9999 -9999 -9999
