layers/ele.asc
NCOLS 128 
NROWS 165 
XLLCORNER -2985163.8955 
YLLCORNER -3022031.214 
CELLSIZE 50000 
NODATA_value -9999 
[rows 27 to 53 of 165, columns 60 to 119 of 128]
328.471221923828 390.887115478516 394.342010498047 429.758880615234 346.304626464844 557.126708984375 373.036010742188 325.401519775391 321.623748779297 366.263153076172 362.697784423828 299.910919189453 268.802825927734 299.57421875 199.937515258789 404.757873535156 232.845809936523 350.6728515625 208.63020324707 234.276062011719 43.569263458252 1 -9999 -9999 -9999 -9999 -9999 -9999 -9999 -9999 -9999 -9999 -9999 -9999 -9999 -9999 -9999 -9999 -9999 -9999 -9999 -9999 -9999 -9999 -9999 -9999 -9999 -9999 -9999 -9999 -9999 -9999 -9999 -9999 -9999 -9999 -9999 -9999 -9999 -9999
210.795639038086 657.477294921875 566.441650390625 324.169494628906 244.491119384766 196.638671875 254.087432861328 301.067474365234 292.098999023438 295.330749511719 300 300.509155273438 284.153717041016 210.971267700195 196.158935546875 292.54931640625 357.510498046875 221.363906860352 111.657836914062 145.827224731445 87.4366302490235 1 -9999 -9999 -9999 -9999 -9999 -9999 -9999 -9999 -9999 -9999 -9999 -9999 -9999 -9999 -9999 -9999 -9999 -9999 -9999 -9999 -9999 -9999 -9999 -9999 -9999 -9999 -9999 -9999 -9999 -9999 -9999 -9999 -9999 -9999 -9999 -9999 -9999 -9999
187.03874206543 269.394439697266 337.808441162109 264.896667480469 300.509857177734 263.490539550781 173.322067260742 299.213317871094 280.58349609375 225.818420410156 297.666870117188 287.247131347656 298.905303955078 266.4873046875 201.484161376953 201.077774047852 114.400726318359 102.1650390625 145.197128295898 98.8575820922852 57.0425758361816 19.9851169586182 1 -9999 -9999 -9999 -9999 -9999 -9999 -9999 -9999 -9999 -9999 -9999 -9999 -9999 -9999 -9999 -9999 -9999 -9999 -9999 -9999 -9999 -9999 -9999 -9999 -9999 -9999 -9999 -9999 -9999 -9999 -9999 -9999 -9999 -9999 -9999 -9999 -9999
197.968765258789 206.739364624023 197.517303466797 206.609649658203 226.869125366211 200 194.334945678711 198.771392822266 201.016510009766 301.371337890625 228.078826904297 270.174377441406 197.633453369141 222.035339355469 200 144.602798461914 210.021270751953 145.01106262207 91.4140167236328 49.087272644043 14.8039646148682 7.46997785568237 1 -9999 -9999 -9999 -9999 -9999 -9999 -9999 -9999 -9999 -9999 -9999 -9999 -9999 -9999 -9999 -9999 -9999 -9999 -9999 -9999 -9999 -9999 -9999 -9999 -9999 -9999 -9999 -9999 -9999 -9999 -9999 -9999 -9999 -9999 -9999 -9999 -9999
198.566055297852 267.750701904297 188.866241455078 168.198501586914 299.168640136719 303.108947753906 214.733474731445 208.115844726563 238.437530517578 334.0498046875 371.064788818359 385.936187744141 373.746032714844 208.99723815918 202.767761230469 133.858978271484 162.797607421875 194.731689453125 113.481285095215 35.2793807983398 1 1 1 -9999 -9999 -9999 -9999 -9999 -9999 -9999 -9999 -9999 -9999 -9999 -9999 -9999 -9999 -9999 -9999 -9999 -9999 -9999 -9999 -9999 -9999 -9999 -9999 -9999 -9999 -9999 -9999 -9999 -9999 -9999 -9999 -9999 -9999 -9999 -9999 -9999
164.03044128418 134.027328491211 94.1881713867188 163.572296142578 294.721832275391 193.221099853516 241.247314453125 198.37451171875 196.29833984375 298.642150878906 301.198913574219 402.58544921875 298.129821777344 198.737945556641 289.518829345703 229.911758422852 152.205535888672 347.458251953125 237.960876464844 1.70789957046509 1 1 1 1 1 -9999 -9999 -9999 -9999 -9999 -9999 -9999 -9999 -9999 -9999 -9999 -9999 -9999 -9999 -9999 -9999 -9999 -9999 -9999 -9999 -9999 -9999 -9999 -9999 -9999 -9999 -9999 -9999 -9999 -9999 -9999 -9999 -9999 -9999 -9999
98.6199645996094 99.5305099487305 95.4537506103516 96.1779708862305 97.7339248657227 200.756408691406 244.523300170898 220.763854980469 177.447036743164 345.023498535156 383.145843505859 210.752212524414 197.199417114258 210.465744018555 320.694702148438 318.645690917969 148.536224365234 141.687591552734 12.1775369644165 1 1 1 1 1.17852878570557 6.08320808410645 1 -9999 1 -9999 -9999 -9999 -9999 -9999 -9999 -9999 -9999 -9999 -9999 -9999 -9999 -9999 -9999 -9999 -9999 -9999 -9999 -9999 -9999 -9999 -9999 -9999 -9999 -9999 -9999 -9999 -9999 -9999 -9999 -9999 -9999
96.0136642456055 99.2284240722656 98.2971038818359 85.5866622924805 89.0563583374023 56.2142333984375 51.6120300292969 40.794490814209 49.9449462890625 215.028442382812 142.95703125 291.526885986328 234.793655395508 334.573394775391 293.435119628906 82.2477951049805 136.56413269043 46.6635551452637 2.01036143302917 1 1 2.57427597045898 3.41984724998474 6.21286201477051 9.63691806793213 1.3467903137207 2.7211434841156 5.14855194091797 1.30398166179657 1 -9999 -9999 -9999 -9999 -9999 -9999 -9999 -9999 -9999 -9999 -9999 -9999 -9999 -9999 -9999 -9999 -9999 -9999 -9999 -9999 -9999 -9999 -9999 -9999 -9999 -9999 -9999 -9999 -9999 -9999
90.3746871948242 106.272270202637 93.6896362304688 32.8680076599121 75.2685012817383 79.2835083007812 68.1840744018555 75.3092041015625 27.210958480835 60.7161026000977 132.335205078125 133.843551635742 98.9034423828125 159.900848388672 32.8045654296875 22.7757110595703 2.22714877128601 8.93141937255859 2.22002744674683 1.19425439834595 3.05369305610657 4.25525808334351 2.38926458358765 1.9391508102417 1.77662360668182 1 7.88232517242432 20.2725639343262 22.5125980377197 7.34269380569458 2.43206214904785 1 -9999 -9999 -9999 -9999 -9999 -9999 -9999 -9999 -9999 -9999 -9999 -9999 -9999 -9999 -9999 -9999 -9999 -9999 -9999 -9999 -9999 -9999 -9999 -9999 -9999 -9999 -9999 -9999
91.7578964233398 87.9116897583008 68.3424072265625 35.1918983459473 90.0691375732422 51.4527359008789 43.1956596374512 16.6049385070801 42.1690559387207 38.7608337402344 21.7867698669434 20.8024654388428 29.4150619506836 24.3607940673828 66.3743362426758 63.724983215332 28.513729095459 18.8653831481934 1 1 1.09228920936584 1 1 1 13.2105951309204 29.256893157959 37.4825668334961 31.2028198242188 39.782112121582 44.9229278564453 16.8843860626221 13.8861379623413 2.18141913414001 1 1 -9999 -9999 -9999 -9999 -9999 -9999 -9999 -9999 -9999 -9999 -9999 -9999 -9999 -9999 -9999 -9999 -9999 -9999 -9999 -9999 -9999 -9999 -9999 -9999 -9999
70.7725601196289 77.5153503417969 84.2825469970703 50.2483749389648 17.1907138824463 24.9949970245361 13.784574508667 49.0994415283203 93.8644027709961 82.7718734741211 75.8020935058594 91.5211563110352 42.2913513183594 90.0691452026367 96.7043075561523 104.375633239746 62.7676391601563 34.7776870727539 2.91380333900452 3.92325615882874 5.98466730117798 7.02082061767578 3.93715286254883 3.70543003082275 62.986930847168 85.8573608398438 62.1452255249024 51.7067642211914 67.0364532470703 52.3903388977051 35.1922225952148 43.1095924377441 25.5851268768311 25.0637683868408 1.31252288818359 -9999 -9999 -9999 -9999 -9999 -9999 -9999 -9999 -9999 -9999 -9999 -9999 -9999 -9999 -9999 -9999 -9999 -9999 -9999 -9999 -9999 -9999 -9999 -9999 -9999
23.5035972595215 20.4901161193848 27.4799480438232 18.3448925018311 31.3356628417969 26.2800903320312 24.3215675354004 71.4523239135742 85.7209548950195 87.4323120117188 68.5681381225586 61.0836753845215 99.6490173339844 99.4447631835938 84.6618270874023 92.9920501708984 94.0955581665039 75.1902618408203 18.7122097015381 27.5263729095459 42.5349311828613 25.744945526123 17.5326080322266 64.9398803710938 90.9521026611328 90.8331604003906 75.1602325439453 63.3434906005859 93.605110168457 65.9569931030273 132.434127807617 66.9659881591797 44.751636505127 40.1671485900879 8.30346965789795 -9999 1 -9999 -9999 -9999 -9999 -9999 -9999 -9999 -9999 -9999 -9999 -9999 -9999 -9999 -9999 -9999 -9999 -9999 -9999 -9999 -9999 -9999 -9999 -9999
19.9315280914307 21.1999187469482 39.9297065734863 37.802562713623 39.4369087219238 60.132869720459 63.6277503967285 69.5387115478515 91.6942138671875 133.815399169922 82.2564392089844 72.1873626708984 97.5311584472656 97.4889373779297 96.8232345581055 108.13591003418 118.545074462891 30.4809703826904 37.4720153808594 74.8561935424805 74.0623092651367 55.7036857604981 37.9082374572754 26.3849258422852 97.0109252929687 96.6198043823242 82.9297180175781 106.07820892334 99.5004806518555 81.0195388793945 215.055694580078 77.7204132080078 80.929557800293 34.5746116638184 1 8.1665210723877 32.3593978881836 37.3670692443848 3.38236451148987 -9999 -9999 -9999 -9999 -9999 -9999 -9999 -9999 -9999 -9999 -9999 -9999 -9999 -9999 -9999 -9999 -9999 -9999 -9999 -9999 -9999
79.2607650756836 42.7318649291992 74.7191390991211 72.9511260986328 72.6972885131836 95.2676010131836 96.9094161987305 98.9983749389648 96.797348022461 58.3282165527344 84.1934356689453 101.738868713379 152.441543579102 100.393188476562 95.8732681274414 44.097972869873 102.024467468262 100.518142700195 98.2130737304688 104.280456542969 112.149238586426 101.338310241699 85.2723922729492 90.2621536254883 94.22900390625 100 117.52165222168 279.975463867188 54.8427886962891 266.61669921875 202.012481689453 98.3604736328125 56.7729644775391 4.61658716201782 24.2252979278564 41.0061874389648 53.576000213623 44.0195655822754 53.8246917724609 25.4599323272705 3.96714305877686 4.99402856826782 22.4978199005127 43.9046630859375 15.9572076797485 -9999 -9999 -9999 -9999 -9999 -9999 -9999 -9999 -9999 -9999 -9999 -9999 -9999 -9999 -9999
37.0509376525879 90.9097747802734 90.4414291381836 68.2176208496094 94.8452377319336 100 97.4746475219727 83.1800231933594 91.0662231445312 177.494857788086 199.4052734375 248.071380615234 167.223037719727 84.5162658691406 97.9706268310547 100.613822937012 114.525382995605 123.021667480469 115.71834564209 137.325485229492 143.86181640625 183.274276733398 71.0831451416016 100.183067321777 102.375335693359 105.737442016602 123.776512145996 173.129135131836 142.411376953125 234.51628112793 73.5595626831055 52.2296829223633 27.5658416748047 10.5985307693481 27.1218318939209 98.6089706420898 70.5501937866211 83.3782501220703 15.0939788818359 83.0408706665039 72.3157424926758 260.506164550781 98.6436767578125 115.469734191895 46.4454917907715 22.1604824066162 -9999 -9999 -9999 -9999 -9999 -9999 -9999 -9999 -9999 -9999 -9999 -9999 -9999 -9999
88.5581665039063 130.426986694336 97.8117141723633 98.3795166015625 96.7038803100586 99.6211166381836 63.0621528625488 88.9857406616211 143.800186157227 191.944641113281 194.144027709961 185.556945800781 184.531005859375 156.355926513672 201.83088684082 157.642852783203 159.084259033203 288.549224853516 168.246643066406 243.953018188477 200.825500488281 234.60026550293 113.692832946777 83.6650772094727 166.822357177734 154.117263793945 203.545471191406 195.230926513672 149.934005737305 103.378082275391 260.024017333984 98.047966003418 78.6072692871094 32.3987274169922 53.8130683898926 86.0948028564453 80.9768676757812 108.20337677002 100.740615844727 48.0483131408691 124.802093505859 284.695190429688 421.511291503906 167.577194213867 128.935516357422 139.148101806641 42.5138473510742 -9999 -9999 -9999 -9999 -9999 -9999 -9999 -9999 -9999 -9999 -9999 -9999 -9999
70.5122680664062 119.205139160156 88.8334579467773 99.7648162841797 95.6753158569336 92.3911514282227 87.393569946289 126.710960388184 78.2464141845703 191.393203735352 202.244842529297 281.260345458984 204.770370483398 198.077896118164 262.905334472656 100.517242431641 191.606506347656 264.536102294922 170.635833740234 246.585205078125 290.732238769531 200.597793579102 173.355804443359 87.9579086303711 145.120330810547 151.6455078125 281.955657958984 301.048004150391 199.994415283203 187.822174072266 187.709899902344 123.845191955566 88.4992752075195 102.286773681641 105.039665222168 79.3726654052734 98.3032150268555 69.9227523803711 111.322792053223 108.814109802246 297.246704101562 560.186889648438 533.862731933594 182.847564697266 305.204956054688 147.723388671875 270.152465820312 114.075805664062 -9999 -9999 -9999 -9999 -9999 -9999 -9999 -9999 -9999 -9999 -9999 -9999
124.490341186523 91.3015747070312 95.8957977294922 106.00431060791 99.0191345214844 83.2294540405273 98.295654296875 97.9634704589844 121.635833740234 132.097518920898 231.991607666016 161.889236450195 90.8011627197266 279.735961914062 309.649963378906 214.494598388672 271.837890625 334.065124511719 232.58869934082 290.776123046875 248.852798461914 215.751205444336 133.722595214844 92.6921539306641 100.027549743652 98.5697174072266 175.728942871094 196.29963684082 239.585632324219 300.566009521484 172.083480834961 114.343284606934 92.8158493041992 117.688621520996 185.491546630859 121.570014953613 106.616264343262 86.9409027099609 140.128555297852 129.74333190918 263.252838134766 393.281127929687 286.196838378906 461.039794921875 508.500549316406 300.088470458984 208.82243347168 102.025360107422 11.5716381072998 -9999 -9999 -9999 -9999 -9999 -9999 -9999 -9999 -9999 -9999 -9999
98.3656616210937 89.652587890625 116.673034667969 91.9531097412109 96.8823547363281 88.572395324707 156.255981445312 150.623825073242 155.595855712891 178.099365234375 248.22526550293 158.402435302734 178.651977539062 297.372375488281 269.598541259766 333.386413574219 268.220947265625 332.092193603516 300.782928466797 266.786193847656 294.40478515625 320.586456298828 298.877166748047 92.5902633666992 129.348602294922 114.451271057129 253.901504516602 142.535842895508 290.930450439453 236.772262573242 206.020385742188 186.458587646484 165.887313842773 162.07649230957 171.516784667969 114.179489135742 205.986221313477 127.901756286621 165.008056640625 175.580657958984 298.269592285156 405.767852783203 298.042938232422 588.324035644531 319.129302978516 428.668395996094 275.865386962891 144.77033996582 46.6234855651855 73.7904357910156 -9999 -9999 -9999 -9999 -9999 -9999 -9999 -9999 -9999 -9999
98.6021270751953 130.676681518555 156.846298217773 100 163.525619506836 89.764533996582 104.10733795166 298.445495605469 203.510604858398 172.399108886719 219.545989990234 277.273376464844 197.468841552734 358.061462402344 396.489593505859 307.071990966797 192.142868041992 324.698211669922 292.273406982422 302.859527587891 212.54621887207 205.316635131836 392.815765380859 208.908111572266 174.317565917969 169.37158203125 265.526580810547 111.771751403809 263.005432128906 299.353973388672 325.355194091797 258.813537597656 323.057281494141 274.033599853516 219.303619384766 227.744857788086 181.662094116211 230.623306274414 197.814224243164 186.724761962891 403.823181152344 628.921875 458.070343017578 604.662658691406 688.477172851562 184.105712890625 131.856033325195 74.2560806274414 116.285003662109 109.012870788574 142.783843994141 1 4 -9999 -9999 -9999 -9999 -9999 -9999 -9999
153.621795654297 95.8446960449219 92.5392303466797 93.3187942504883 183.156784057617 499.356842041016 286.965789794922 291.21484375 285.178588867188 244.545593261719 239.491912841797 252.095550537109 279.062744140625 264.438385009766 419.522033691406 331.631591796875 261.234527587891 339.643188476562 288.328796386719 300.858642578125 312.848449707031 228.71061706543 356.759918212891 196.408950805664 203.04963684082 211.04719543457 281.514129638672 208.164108276367 363.512145996094 337.196899414062 445.011779785156 497.357849121094 404.215179443359 336.866302490234 355.939422607422 339.618286132812 283.729248046875 163.970352172852 328.118713378906 214.233856201172 300.850494384766 675.547973632812 558.497192382812 641.472290039062 503.574401855469 312.191650390625 134.568206787109 152.699035644531 115.168212890625 106.642196655273 77.1807708740234 94.0356826782227 166.963333129883 58.337890625 -9999 -9999 -9999 -9999 -9999 -9999
117.755569458008 244.006164550781 163.301559448242 106.774208068848 99.9807968139648 129.197937011719 411.400726318359 321.983276367188 352.982574462891 276.393341064453 313.588775634766 302.083984375 292.631469726562 398.285522460937 335.838409423828 162.245864868164 300.005523681641 284.980987548828 331.428802490234 288.219696044922 390.134826660156 401.655670166016 191.983413696289 190.245971679688 270.336669921875 238.627288818359 104.537109375 292.169830322266 329.935028076172 392.591033935547 378.036193847656 224.805404663086 339.451965332031 304.646759033203 227.218994140625 201.272048950195 158.286041259766 194.493225097656 260.254364013672 450.255950927734 397.213684082031 589.470458984375 529.453430175781 381.442626953125 309.345916748047 190.483993530273 669.276062011719 280.607269287109 349.192626953125 184.781555175781 141.412445068359 500.409301757812 230.936096191406 64.2304840087891 -9999 -9999 -9999 -9999 -9999 -9999
100.09260559082 138.867660522461 163.842834472656 98.745719909668 95.1170806884766 206.020721435547 298.944000244141 417.827209472656 384.536651611328 398.294830322266 378.040161132813 393.979461669922 396.063873291016 239.906951904297 292.254791259766 279.319793701172 300.029327392578 361.315338134766 298.537445068359 295.051177978516 375.234252929688 258.411590576172 200.070922851562 160.061462402344 278.678588867188 225.508850097656 134.650939941406 182.15998840332 280.860870361328 297.457214355469 275.382965087891 307.284912109375 285.243835449219 303.792297363281 315.909881591797 225.956619262695 203.634521484375 195.766876220703 213.832397460937 288.502746582031 315.136291503906 511.901123046875 589.566833496094 552.877380371094 459.637481689453 302.338165283203 359.676208496094 420.634216308594 247.206329345703 198.16340637207 298.098419189453 554.152038574219 217.864791870117 69.6618499755859 -9999 -9999 -9999 -9999 -9999 -9999
99.547607421875 190.067932128906 126.766120910645 223.217742919922 135.59391784668 192.889556884766 265.531433105469 393.235595703125 399.705902099609 513.456237792969 392.784118652344 396.890777587891 362.718719482422 289.515472412109 315.519165039062 165.470901489258 386.209197998047 323.676971435547 314.616973876953 450.356750488281 305.849609375 276.805877685547 188.920013427734 183.480102539062 298.696746826172 137.436141967773 271.758850097656 243.558959960938 362.753448486328 335.184509277344 390.423797607422 396.175018310547 408.497283935547 415.315185546875 358.480072021484 327.201812744141 375.258239746094 212.648529052734 279.069671630859 326.193206787109 301.619323730469 521.653747558594 654.395568847656 875.48486328125 680.821228027344 424.803253173828 581.136169433594 346.337615966797 298.016418457031 408.950744628906 526.087890625 570.384338378906 370.5 140.838928222656 -9999 -9999 -9999 -9999 -9999 -9999
126.800727844238 131.700744628906 176.568145751953 280.184600830078 194.816818237305 207.140777587891 184.078994750977 192.237121582031 223.747222900391 443.59423828125 445.601257324219 475.067779541016 388.236511230469 276.879150390625 408.99169921875 276.778747558594 221.380157470703 451.731140136719 327.423767089844 458.971588134766 272.8974609375 247.795791625977 137.402893066406 228.500457763672 291.052612304688 198.374374389648 312.285736083984 323.355224609375 466.898223876953 441.558410644531 263.927795410156 449.749267578125 348.359619140625 400.751281738281 280.526458740234 333.642852783203 289.638336181641 243.189025878906 271.392852783203 329.102447509766 388.943420410156 531.028137207031 588.268859863281 735.515991210938 682.763854980469 474.161987304688 584.616333007812 649.367736816406 663.4501953125 754.2294921875 536.414855957031 538.320434570312 245.141174316406 78.6525344848633 19.9228992462158 -9999 -9999 -9999 -9999 -9999
212.276779174805 236.865600585938 229.624725341797 169.732131958008 290.75 198.808471679688 165.364608764648 182.243606567383 188.382919311523 225.439682006836 402.435577392578 393.168975830078 385.332794189453 346.493896484375 437.793823242188 378.852722167969 203.091278076172 311.527923583984 495.599243164063 402.043518066406 271.290557861328 162.688537597656 171.145095825195 292.28857421875 240.213943481445 223.333206176758 297.66455078125 507.187713623047 528.232849121094 449.500183105469 355.434844970703 448.046325683594 332.702392578125 291.284362792969 272.190765380859 444.857482910156 379.425506591797 303.387329101562 346.477905273438 462.407775878906 493.121002197266 559.05810546875 461.065704345703 430.601348876953 425.437042236328 558.832885742188 465.820709228516 741.262756347656 698.870422363281 617.543395996094 623.019226074219 507.358123779297 211.658554077148 131.386260986328 -9999 -9999 -9999 -9999 -9999 -9999
202.574768066406 217.268203735352 255.448822021484 200.070068359375 284.125091552734 294.716430664062 198.025207519531 237.324096679688 247.563690185547 216.923629760742 324.766479492188 395.814086914062 386.794769287109 388.363922119141 350.157745361328 242.528594970703 234.321090698242 294.049560546875 416.577301025391 288.595336914062 222.164947509766 230.600387573242 280.786254882812 294.499877929688 163.373245239258 157.7353515625 278.781494140625 385.102966308594 555.761169433594 312.537841796875 407.949493408203 481.707580566406 511.277160644531 290.577606201172 358.040435791016 610.690979003906 528.914001464844 400.538696289062 330.031707763672 458.974487304688 481.426086425781 437.626922607422 470.660949707031 344.845703125 300.580963134766 548.731872558594 408.295715332031 548.462280273438 571.062072753906 792.800720214844 775.508728027344 482.519653320312 225.009384155273 75.097915649414 -9999 -9999 -9999 -9999 -9999 -9999
