layers/npp.asc
NCOLS 128 
NROWS 165 
XLLCORNER -2985163.8955 
YLLCORNER -3022031.214 
CELLSIZE 50000 
NODATA_value -9999 
[rows 27 to 53 of 165, columns 0 to 58 of 128]
-9999 -9999 -9999 -9999 -9999 -9999 -9999 -9999 -9999 -9999 -9999 -9999 -9999 -9999 -9999 -9999 -9999 2492.15821119421 2521.47739687243 2525.19149609543 1987.61542610902 1929.63612083153 1545.0503626041 2043.54082371511 1742.7944108547 2158.12311403568 2330.46526500013 2348.98192998709 2402.13478634808 2464.3616965602 2462.07159403642 2460.23931211123 2451.30653089038 2451.06488791003 2442.01079422115 2443.47169838074 2437.89003169036 2422.52465820312 2414.2240353837 2423.31633822518 2409.86596056117 2411.56514250115 2416.83707996033 2414.47475227405 2413.78970977272 2421.03236763168 2413.01033159485 2402.84922756774 2294.21924156835 2287.60460961202 2286.45366728499 2174.2690211973 2182.63872418481 2193.52608140985 2182.12876796646 2262.74185918089 2180.85125236148 2141.27273055116 2148.14365362698
-9999 -9999 -9999 -9999 -9999 -9999 -9999 -9999 -9999 -9999 -9999 -9999 -9999 -9999 -9999 -9999 2496.2646484375 2517.27714505385 2524.2775818846 2111.45428891229 2032.32207572475 1571.46758025558 1826.77801152529 1776.71281703973 2024.62391544103 2450.96436545731 2452.18000092007 2418.66009850417 2421.2950886001 2438.00100511909 2446.88149302723 2452.60878811576 2438.49556708585 2425.54095888189 2446.11826030044 2433.53404721959 2427.9172577742 2427.47363894107 2428.0537109375 2428.0537109375 2425.86989067362 2420.14789922538 2416.95532226563 2417.03565847624 2417.84137318905 2421.02384012109 2299.13287694922 2280.49430276881 2265.59814712353 2286.32688191399 2354.08845331976 2290.56187450719 2215.39470684675 2176.03970887811 2123.01823567402 2228.14482515231 2212.10477317322 2220.85123522207 2234.65359457163
-9999 -9999 -9999 -9999 -9999 -9999 -9999 -9999 -9999 -9999 -9999 -9999 -9999 -9999 -9999 -9999 2496.06321558853 2516.34694991737 2485.08152624119 2068.33542500744 1956.79112117225 1504.85037377814 1885.29255227683 2113.70449251638 2399.80942526298 2471.46391225931 2451.46596202925 2446.23534306563 2444.39721679687 2442.78747953371 2442.3786177474 2444.08780062221 2440.09238837015 2436.0338442231 2433.10325643013 2438.98974609375 2432.74770047727 2432.62339943763 2438.82367547555 2437.6830954834 2434.7366093424 2432.86213467482 2426.44873506075 2422.52465820312 2422.37384094279 2406.07320237911 2270.39063652442 2258.17414764555 2365.48397495599 2422.52465820312 2399.97498748581 2255.87932549251 2313.58388913217 2216.89334272012 2227.6274509154 2256.38732060676 2270.32903360439 2272.12779450414 2293.47265404795
-9999 -9999 -9999 -9999 -9999 -9999 -9999 -9999 -9999 -9999 -9999 -9999 -9999 -9999 -9999 2369.42529296875 2506.04059573537 2503.97798058637 2397.70588785983 1821.84057118026 1626.0245750379 2154.79851041099 2049.90041224916 2479.70389081036 2471.0589275405 2460.39127901419 2453.6972046489 2449.76416015625 2448.84134936995 2445.65172451141 2415.98010769352 2447.19960844201 2443.78586340021 2439.25572873449 2434.78496293498 2436.48159480621 2436.46765322725 2441.22032787204 2444.29710802455 2440.44362933561 2441.79349103253 2439.01402942202 2436.33549170395 2428.0537109375 2423.34880735094 2389.80885018481 2344.27369401004 2264.9961571001 2408.50191937048 2415.35714069578 2414.91898058496 2414.93731576526 2408.8672152519 2353.06262658301 2348.43467685142 2375.97198195849 2359.71492325589 2316.88215335603 2304.35243505561
-9999 -9999 -9999 -9999 -9999 -9999 -9999 -9999 -9999 -9999 -9999 -9999 -9999 -9999 -9999 -9999 2484.10047990337 2376.12441711544 1789.55316760636 1524.78443828831 1563.37920713627 2382.81623352121 2484.11131673758 2474.88472156343 2464.55038236199 2445.53529205994 2451.48903220799 2452.03645800167 2452.8546261079 2421.16537836731 2430.59511094873 2460.72040525571 2455.0908203125 2452.2932558464 2446.19402609316 2443.65960230221 2446.17830559893 2454.16683578112 2455.03101882613 2450.53162805587 2449.91812333393 2446.82943946803 2443.54270777871 2433.30217658083 2432.81470444657 2370.73361496596 2346.88544675907 2413.5770108218 2405.72553988513 2400.00268554688 2399.64703138852 2400.05476138705 2408.22532004343 2416.42117666698 2425.89961064473 2435.06591567413 2416.85491272154 2379.01449880973 2306.3326007059
-9999 -9999 -9999 -9999 -9999 -9999 -9999 -9999 -9999 -9999 -9999 -9999 -9999 -9999 1492.82885091912 2012.98346894202 2350.23187444385 2028.78098244482 1269.29638659728 1425.57549133763 2251.6032410272 2491.25708007812 2475.38079784734 2460.33748190072 2457.12062506501 2455.02267656403 2455.0908203125 2459.71104011891 2457.03042576651 2455.83842834839 2447.46507132126 2468.13027656455 2457.86534657029 2451.74947076806 2450.68502736481 2449.83792968655 2457.71094300059 2449.81806006525 2456.84355162691 2458.48772890421 2460.37744140625 2456.16343048635 2455.42222156765 2449.81801141543 2387.25030733249 2247.51045324305 2304.17953899916 2421.74010212578 2409.68883522096 2400.00268554688 2392.50523679338 2393.81749003826 2394.52249050487 2401.74773148923 2415.82957015599 2430.02368802926 2431.71598424316 2385.24022847406 2357.57123782035
-9999 -9999 -9999 -9999 -9999 -9999 -9999 -9999 -9999 -9999 -9999 -9999 -9999 1328.80418688116 1979.43330697104 2398.66046935133 2143.87414468171 1506.57699367638 1319.7130782573 1762.88173770316 2383.09640860033 2485.24293913658 2473.3808530481 2459.13724642139 2460.3564731957 2460.97239079675 2462.3339221378 2469.78223502374 2467.13270449341 2469.32217443958 2454.09498341366 2452.89368710942 2461.02812226269 2455.75645210773 2458.29928674042 2464.97018634895 2468.50561379423 2461.88874337233 2458.89427041367 2466.32761623337 2468.64237439217 2467.23924615541 2464.11524382728 2419.41745261227 2359.79229868886 2276.68027731433 2354.25966048387 2418.87690123151 2405.72481265698 2390.68807470467 2381.60925539815 2378.03931670836 2386.55218734787 2400.88720510725 2415.57746183115 2417.5849143416 2392.66125254801 2374.24558359738 2379.62486592753
-9999 -9999 -9999 -9999 -9999 -9999 -9999 -9999 -9999 -9999 -9999 -9999 -9999 1306.23392711067 2026.6793120906 2427.17033733661 2222.91878294639 1432.45711067019 1152.04909372492 1929.28832495781 2485.50408418902 2491.33256030979 2473.11923505329 2465.23097621308 2462.35977254458 2462.48119478892 2467.79149626294 2474.24470060023 2469.27298573518 2466.37218017022 2465.08303885823 2461.0516045513 2471.01233388768 2467.12766565226 2467.09467712723 2470.830078125 2478.49825289619 2479.73850016858 2478.1386008935 2476.16060672634 2477.79426945851 2478.56614393324 2434.02338964013 2402.39386905371 2417.33865802968 2418.22411230539 2433.86412257326 2421.4087696139 2406.42965767034 2391.13929752082 2376.828125 2376.828125 2383.69575962665 2394.88857639891 2412.61657265955 2396.57798725125 2368.70800268516 2396.29807838483 2413.14061910076
-9999 -9999 -9999 -9999 -9999 -9999 -9999 -9999 -9999 -9999 -9999 -9999 -9999 1207.64469410065 1927.51877403515 2446.62541064195 1792.73634827956 1235.53742569841 1340.5623292044 2260.7158764524 2484.03614867147 2472.74883469824 2453.98271869963 2463.75159934449 2461.65044240463 2470.25302955261 2471.65918920439 2479.32626727663 2484.57690288801 2477.27942086758 2479.92357178334 2476.17443709831 2473.84140565787 2475.14087698865 2480.91125812464 2480.44978500407 2486.2099609375 2479.35468328584 2490.46360274709 2485.98245370919 2487.35540035884 2486.99480925515 2406.92899962705 2416.85194405712 2470.21970360919 2465.0159543764 2451.47165946177 2431.68520529046 2412.90185200886 2398.36925098144 2389.81729331281 2383.13815424261 2389.42046116729 2400.34441738044 2417.34604246144 2431.88243818348 2442.43879579222 2442.54877582653 2440.52845226301
-9999 -9999 -9999 -9999 -9999 -9999 -9999 -9999 -9999 -9999 -9999 -9999 686.759228361764 1060.23700523999 1849.82514211463 2342.00008327907 1744.14934048597 1279.85640213204 1665.43904021228 2408.99616519153 2481.31182808423 2479.11498048298 2466.82075423789 2463.76621474482 2464.00122313248 2474.11896566903 2485.7808501982 2486.34018733591 2486.69239207709 2480.12763521304 2485.80623086447 2488.04742879179 2482.38877091031 2484.12370410457 2477.88435683246 2476.00232223238 2476.95360860111 2485.83713327 2484.93789871522 2491.04585874832 2493.74329105481 2490.4897621055 2444.24871952328 2433.60687742743 2462.47418600562 2460.28359741326 2462.36749844033 2449.27172154821 2428.71036300766 2409.17165708007 2399.84946578119 2394.75061239095 2400.29701771112 2406.8909677218 2420.68445779942 2435.32593659433 2446.05537600654 2464.04351467777 2466.31911422709
-9999 -9999 -9999 -9999 -9999 -9999 -9999 -9999 -9999 -9999 -9999 -9999 770.536688899106 1204.98092683913 1825.32951847472 2140.02917509256 1651.18293567069 1313.67073327999 1859.61382634122 2402.54035333592 2467.18349867868 2470.00340229788 2469.8380128426 2463.24722765165 2470.69537065691 2477.13902610743 2488.70955085263 2495.08006873255 2492.16877593139 2491.49788297188 2486.01562281542 2488.58677931303 2491.79551316697 2489.55105362793 2489.93981601583 2494.88151903809 2490.92900810352 2485.66188431662 2487.68739062976 2491.25708007812 2496.2646484375 2495.10753473324 2481.42944191049 2415.6504310961 2401.88241315613 2357.83464127386 2472.24895130133 2460.43340149345 2444.92699140356 2430.13148180482 2415.79562884002 2410.39988943827 2410.92806041259 2416.94485299751 2431.47691956322 2440.75933635776 2455.21110566903 2466.65179499564 2491.09830985093
-9999 -9999 -9999 -9999 -9999 -9999 -9999 -9999 -9999 -9999 -9999 -9999 758.815219089155 1254.67952266718 1669.60941218386 1939.47643496261 1777.44193779649 1172.41322160441 1743.30216986397 2293.18719497784 2473.52273762004 2473.0066257433 2456.09265673878 2462.95175510776 2456.61896402415 2461.05560067295 2484.11665651481 2495.67246159273 2501.23291015625 2498.16171304881 2494.21498672827 2494.46483359413 2492.31474801602 2486.60850998981 2491.25708007812 2495.99634149426 2497.15060015661 2506.16186523438 2510.69660609992 2509.70250655543 2512.79612060477 2473.27536555195 2422.77208818507 2416.26828408168 2419.00505104987 2441.33796155007 2478.48261286104 2462.73955978598 2454.08817704532 2445.98627919126 2427.4651789331 2427.05998716867 2426.89014022672 2435.28712294317 2440.74203257293 2450.84390732403 2465.2849076036 2457.55318111541 2453.77377488715
-9999 -9999 -9999 -9999 -9999 -9999 -9999 -9999 -9999 -9999 -9999 -9999 481.352649169489 937.11586966854 1397.38799214093 1584.65044594609 1606.55739213589 1168.57744750712 1927.87678672611 2331.17581146115 2500.70294133517 2479.50351653063 2455.0908203125 2415.38113426503 2326.26003988204 2414.92603881495 2483.48968277791 2489.41972782523 2503.09401591642 2506.16186523438 2504.58679088734 2499.43953146547 2499.83398443137 2495.32761928424 2486.56867034824 2495.08956608979 2499.19438010721 2495.92399690329 2468.29825741868 2466.62570685277 2491.33867295536 2435.09546092602 2428.30616285629 2428.51043429098 2445.13722987689 2500.07784779222 2485.65816550717 2476.98955064684 2426.79899054131 2364.45295738623 2255.18806930444 2274.51499445786 2399.88571225909 2448.43596992412 2457.58481041799 2464.24561982066 2478.3001619626 2457.0799675253 2400.21441322856
-9999 -9999 -9999 -9999 -9999 -9999 -9999 -9999 -9999 -9999 -9999 -9999 -9999 -9999 1176.72717400423 1360.15173575025 1064.58522897178 1332.11398891435 1869.75681148766 2304.51972702371 2473.4991444498 2472.9036565389 2411.93879824793 2170.96032941593 2201.5107085461 2380.42173248263 2482.40507073464 2496.89550876579 2500.63667247868 2508.47682700178 2514.6683733547 2510.05832755174 2504.64742360925 2503.92189918345 2503.87011045872 2503.46857710302 2506.04884636291 2497.85822387954 2468.99283417779 2458.3196559847 2459.1447822387 2404.71827437665 2404.40306319267 2402.15755866808 2430.2008835424 2456.8091926755 2479.31827387538 2450.42858416 2366.18497892245 2265.8100610615 2148.02206452293 2172.45791273041 2303.45135765771 2414.38108178953 2468.17650453164 2477.97921283874 2477.80293509059 2480.61712040498 2403.69586459912
-9999 -9999 -9999 -9999 -9999 -9999 -9999 -9999 -9999 -9999 -9999 -9999 -9999 -9999 929.412385239057 1321.23099707415 1153.32585488292 1533.6417719035 2051.10064161633 2348.84891829218 2464.4932494061 2466.28721503549 2406.17528150989 2220.55213279945 2229.62899143936 2358.23935790843 2460.25845975806 2494.74995175535 2502.80120831614 2509.44445524002 2501.4657950732 2501.75230722637 2501.29232134533 2501.23291015625 2501.23291015625 2505.03892913159 2506.16395194766 2515.83916438408 2517.21564862239 2489.09658863507 2493.44789233611 2453.10310221957 2399.93887976256 2373.71954519399 2399.29074265898 2395.63003233728 2436.01418929524 2408.11155794844 2362.73251618053 2299.66129118768 2213.59078255629 2243.76397062366 2323.63331967751 2393.6783297758 2443.38726737606 2439.1856931103 2465.15543368889 2452.9303866672 2405.72677413597
-9999 -9999 -9999 -9999 -9999 -9999 -9999 -9999 -9999 -9999 -9999 -9999 -9999 470.359779964439 884.601356651647 1448.01878224337 1362.84844751448 1811.95195931952 2059.57401504415 2256.08609796136 2400.70057459284 2465.94870851983 2464.15072450043 2378.71762556897 2309.7769202708 2323.79685516073 2366.21914014142 2426.09557372033 2404.66777655233 2481.99680877279 2478.60523184058 2503.868676729 2502.6182648976 2502.60483927795 2503.13943075959 2501.83609247729 2505.63950593491 2502.54137982112 2505.23008463294 2500.74517886249 2507.41994049411 2469.0767257109 2410.45519028819 2371.38795570657 2365.95955618451 2406.97333489242 2419.51923152897 2401.49670784581 2371.95509408978 2340.77768331971 2314.83437424768 2315.77157200301 2371.61114509274 2371.9771783815 2361.18442086793 2360.39536913474 2375.58698252846 2388.57819684118 2381.45129578352
-9999 -9999 -9999 -9999 -9999 -9999 -9999 -9999 -9999 -9999 -9999 -9999 -9999 380.552485918323 835.236352103769 1358.19316410515 1421.5139316673 1687.33097697502 2048.25315037149 2268.83206509469 2392.69872891845 2473.1780000918 2470.69890449215 2373.16234768113 2254.5706390959 2211.44615066297 2286.85419243584 2368.58374807935 2372.68437670727 2421.62495748103 2479.99144948979 2496.89011605205 2499.62300491195 2499.63152414689 2496.2646484375 2494.65560357528 2499.88303913853 2498.0272268209 2496.36728892049 2505.9097325907 2501.40300058008 2434.06049666486 2394.19565874997 2356.42952232034 2396.34877763254 2430.56994086116 2442.98512050438 2445.3955583472 2421.43871493309 2383.8216803486 2329.53449600379 2320.30837244532 2339.26423166193 2348.54995290339 2293.1353862594 2260.59723943274 2303.22497821119 2331.72430377151 2343.47518953742
-9999 -9999 -9999 -9999 -9999 -9999 -9999 -9999 -9999 -9999 -9999 -9999 95.9778944974876 210.353754811487 425.529321221128 882.489072078092 1310.45143553516 1400.9397363957 2008.58355779091 2226.53219640109 2332.52911049812 2336.33216053779 2332.73306708095 2298.03668925934 2208.41369211184 2178.3920246918 2258.56972968361 2320.16402753813 2334.70150043727 2376.40667963401 2451.11390882315 2488.14634069182 2491.86239176114 2480.94361570734 2492.25368931202 2464.43041403027 2446.80516940251 2459.54717748498 2483.57049022922 2501.26153134862 2497.90233910658 2409.26824607057 2347.59233211896 2363.93438761986 2380.48834447049 2433.72985233818 2483.06070060432 2500.27221474251 2502.41207874943 2482.67512124122 2352.64725374184 2317.89954888466 2287.61354120081 2279.64967581287 2212.56837279533 2107.19696476204 2229.31952003637 2306.15546846197 2303.2938381421
-9999 -9999 -9999 -9999 -9999 -9999 -9999 -9999 -9999 -9999 -9999 -9999 66.3347880874042 130.812310725157 301.912648352493 794.865243013569 1034.3192693737 1365.03405600237 1793.32965180304 1999.48971650631 2095.44062511244 2129.77744777198 2236.64888327805 2205.2567586835 2244.45695168608 2302.92919271257 2316.76312338673 2347.23423207197 2337.83973322603 2338.45057282962 2421.49218704036 2464.84895707144 2471.4177073606 2487.64606934924 2470.01971288846 2458.07172587055 2395.25781122634 2370.73477403307 2340.66505912387 2406.11780780246 2456.15307160562 2425.38519041292 2364.95889551915 2379.08344881926 2399.46783191352 2440.13625302428 2481.91749926354 2513.49933227504 2512.74000211857 2510.29809733605 2315.47420640762 2269.59369332567 2240.75009518423 2222.61617921291 2194.03911953635 2257.35211411323 2286.04657274549 2300.76678773728 2306.44408347294
-9999 -9999 -9999 -9999 -9999 -9999 -9999 -9999 -9999 -9999 -9999 -9999 -9999 65.4527580759336 199.269377621292 499.249010342024 871.416438899042 1090.42679314818 1223.84587583226 1091.90497981073 1571.68294728823 1822.97568023302 1848.33388662446 2137.66209448393 2249.17803023334 2304.85844025539 2350.17619923135 2367.47671514889 2350.65221949761 2390.7778351139 2406.58087125582 2449.00176553903 2468.51255182155 2481.06936733774 2481.05622161501 2467.09544478308 2402.9687894766 2282.85228818279 2189.07839214836 2260.09357394579 2373.90913710571 2409.17556251675 2394.55135922576 2390.56660501529 2413.49971873121 2439.02363949024 2460.27393386804 2487.67631345271 2509.53190338838 2415.36815579758 2272.85089575335 2259.2095431534 2240.13045685484 2204.32978095231 2198.38054714163 2267.71638080645 2298.90331340659 2326.89883711885 2354.61460906985
-9999 -9999 -9999 -9999 -9999 -9999 -9999 -9999 -9999 -9999 -9999 -9999 -9999 57.963869465148 108.84598249551 248.907256118393 498.969026879997 802.613217123944 1221.85115445374 1107.604964389 1291.89923825192 1562.12346216422 1748.50387383759 1764.22563415979 2217.8754922113 2248.26794764045 2232.65224730581 2257.66714400903 2330.88919758881 2402.71042025193 2415.10440489616 2434.54785552371 2467.20096651365 2478.91002133045 2467.81924503859 2437.51914117056 2440.67082334743 2347.62725736173 2214.82530355981 2246.95422673365 2318.33422421557 2372.3585022398 2386.83841574203 2403.2090056065 2427.77564269965 2438.10871334739 2421.82806298261 2403.38452644823 2356.12871369615 2302.83320437554 2294.57474961427 2265.99116842835 2240.25609238256 2208.80422506486 2238.40154468013 2279.79686771532 2344.31653560068 2394.99505879371 2388.46146496473
-9999 -9999 -9999 -9999 -9999 -9999 -9999 -9999 -9999 -9999 -9999 -9999 -9999 56.2512063542423 67.5244233301705 95.1279678034929 215.637886109781 701.53228494683 1244.62856527726 1306.48602741419 1443.08488175651 1509.32229772616 1626.26629901919 1609.94588038559 1877.66940865882 2147.6497530194 2057.51659899985 2151.91102941201 2292.45372501442 2405.51028143062 2412.29746287116 2372.19214194213 2358.41211227821 2417.74647129219 2445.56217210415 2379.21226456896 2402.04222312407 2370.92095139608 2280.55880815468 2236.86443169547 2268.66500796271 2311.49773397156 2341.70267034392 2340.30974307039 2394.66647738372 2393.64965976721 2360.5945198191 2352.05441731694 2307.66369222668 2270.82162577005 2283.15420018254 2282.95227163205 2277.75832474385 2229.41394761216 2251.30703380301 2308.90226724053 2395.34500303871 2432.27949041693 2457.02800461494
-9999 -9999 -9999 -9999 -9999 -9999 -9999 -9999 -9999 -9999 -9999 -9999 -9999 -9999 -9999 -9999 92.6633489069844 295.537539929458 963.322024387551 1056.65209058171 1254.42520710377 1413.79275442775 1727.37700471915 1949.31472156561 2159.772083284 2208.09869140202 2039.57019508572 1945.05503971695 2091.45710399494 2328.41883969141 2379.78516580938 2304.60205925536 2294.43761428348 2316.42053846908 2284.56570305903 2321.6940959232 2327.40932142901 2312.44911414113 2277.79655967523 2224.0876871089 2237.59168596885 2239.45841819455 2276.71688898351 2307.49446340138 2341.11510166881 2363.60416816196 2361.99701656882 2336.69540041864 2297.09336425974 2289.59568912221 2304.93007238596 2316.58975606097 2307.09733478287 2293.81634440573 2295.27077059776 2304.15679430589 2376.46200983511 2407.82546932948 2464.53209746349
-9999 -9999 -9999 -9999 -9999 -9999 -9999 -9999 -9999 -9999 -9999 -9999 -9999 -9999 -9999 -9999 -9999 100.47282214905 389.894451672824 839.858598898085 1046.25837764019 1297.03455880845 1777.44061212818 2117.40356347237 2335.27005647043 2429.38508182989 2245.12749421732 1946.36162445686 1951.99329729096 2136.24633121214 2201.39190395143 2223.02422395275 2242.89454706335 2238.43037300062 2249.30609191474 2244.62065906176 2276.71653970413 2248.74694544431 2216.18585322424 2207.94176902626 2191.61632307075 2213.88031149096 2220.01751709719 2220.40876977854 2268.82767313749 2300.72257508928 2317.96824489566 2297.7825904402 2262.70965793181 2268.09045935592 2290.52870971201 2324.77724163897 2358.59145168633 2358.30458024659 2325.9897749417 2311.44871488144 2365.34736983342 2365.53709680954 2408.59366297896
-9999 -9999 -9999 -9999 -9999 -9999 -9999 -9999 -9999 -9999 -9999 -9999 -9999 -9999 -9999 -9999 -9999 84.1845461554402 168.517155910264 656.592882583656 920.919137270078 1034.68255252656 1394.43780385211 2123.66336325976 2260.5915345191 2292.2162648983 2385.46309706647 2052.80437956009 1903.62917221135 1949.01617109736 2011.03612830718 2014.40600218835 2093.83370907338 2179.745576749 2161.08643216566 2166.28796534643 2158.92944236836 2083.33737942043 2095.25950840944 2098.93085118995 2131.33803625255 2153.77419538355 2140.24107649934 2200.82805140801 2237.20582867207 2243.10537451198 2273.93705157953 2219.94455013245 2197.6861357519 2205.80031469921 2224.12096660717 2301.89017502678 2343.608678563 2398.32074389821 2345.54337015717 2322.63053653546 2316.20846552115 2337.31359293705 2296.73756819794
-9999 -9999 -9999 -9999 -9999 -9999 -9999 -9999 -9999 -9999 -9999 -9999 -9999 -9999 -9999 -9999 -9999 -9999 104.201272164396 278.959884810061 581.928873098484 1003.7367660408 1262.96508105387 1536.78663675011 2362.54483800883 2243.14379106218 2501.24320611446 2219.12563428305 1998.86555298955 1966.1358618494 1894.20320833794 1794.15457938969 1930.2928419225 2077.32532615498 2110.82641396689 2093.83007955401 2013.30126447646 1915.91750798106 1905.57463945122 1944.26486234591 2123.69852953217 2180.41298388395 2164.57038953743 2208.89715792626 2243.61731060444 2198.3834984195 2164.83251936538 2144.63567804249 2069.78532377806 2096.72736499154 2150.92420555108 2242.60848809418 2294.73792574394 2329.26495722089 2371.63043836553 2308.6075664593 2283.15977654795 2289.90355974967 2252.02198080747
-9999 -9999 -9999 -9999 -9999 -9999 -9999 -9999 -9999 -9999 -9999 -9999 -9999 -9999 -9999 -9999 -9999 -9999 -9999 106.117525050106 351.032231512434 809.194243940665 1281.52640967494 1357.78046871116 2070.09461401907 2257.13791060158 2483.62675351684 2216.30149327351 2166.80032046186 2006.07518513381 2025.52842553972 1992.88961365639 2092.61344100771 2110.95960355966 2021.37977512653 2008.78552209257 1908.64619152853 1839.27543965319 1832.66325690458 1912.12347014607 2069.89947276953 2132.62726030624 2087.07414176873 2093.07504642991 2187.75122381823 2131.93264080159 2104.75832009369 2048.58515921396 2031.6788394764 2040.16461441728 2097.74473641641 2154.25548378267 2260.57996076341 2247.46875908909 2313.74164623872 2266.99359706466 2265.64249325567 2254.85734618257 2192.03431315159
