layers/npp.asc
NCOLS 128 
NROWS 165 
XLLCORNER -2985163.8955 
YLLCORNER -3022031.214 
CELLSIZE 50000 
NODATA_value -9999 
[rows 54 to 80 of 165, columns 59 to 117 of 128]
2199.57455003445 2153.60369998309 2163.39539255509 2224.98837686974 2223.5364804428 2317.16835503653 2231.34205208909 2244.13686839741 2235.82778330488 2136.31888805634 2153.78498741523 2288.52351188359 2294.0937831477 2392.18439492824 2346.55404827764 2360.75431891322 2293.52598743751 2214.87786622815 2119.43136998593 2030.94942070683 1929.72685760358 1838.27521848355 1968.21746254912 2174.30544033718 2229.44578278668 2118.00060476899 2052.75207358705 1880.98892170538 1838.72885212136 1779.51653378954 1561.4020462977 1545.42197369934 1473.26353638647 1522.39198226477 1384.28109002563 1276.76730930513 1146.22565250013 1134.62420555905 1092.52686067123 981.984876308571 881.301891174381 825.201352597236 896.625809805532 912.454255478962 868.397857403216 836.596125667974 809.642948291283 883.743584204468 972.968189445028 1112.78663533408 1026.61861705138 1231.80267980457 1311.89377775822 1907.06573535748 2237.79220100703 -9999 -9999 -9999 -9999
2171.64386673845 2126.37529107417 2136.13918155939 2184.25243203306 2187.13767661321 2097.68561616225 2200.75851230047 2219.68844225198 2155.96601950361 2082.68946211923 2098.77444634168 2212.82609327927 2299.92422249212 2276.27799880663 2308.40110168547 2315.97339435813 2296.88869873524 2174.29579523562 2052.5146340517 2001.68319312755 1896.26681348739 1942.92461202357 2028.2875524745 2113.32887222023 2146.35406332579 2077.77411470718 2062.5417641272 1945.25612026383 1907.91115646006 1644.03660710468 1657.7851259744 1613.48827575893 1475.43715938669 1400.71719465945 1335.6840507377 1207.70750699461 1139.34515582349 1056.00518172759 1020.00990309533 978.624519130456 792.708684516062 782.405661913429 805.236267723997 844.322027691183 890.011569781134 815.790344632389 807.320784501136 965.481940476433 1177.50501550279 1078.45726387281 1229.62315984897 1808.02870385793 1941.36588608376 2023.70170176041 2157.90830396747 -9999 -9999 -9999 -9999
2178.24842483564 2158.34560775118 2128.19289653664 2232.63057355487 2186.20591987126 2180.80709643049 2178.10331710454 2190.10709782958 2076.51612868744 2154.63983191606 2091.87609016159 2144.72211203537 2231.83518660867 2244.43371682168 2263.54082815409 2269.89914041636 2204.45933240687 2153.46279087856 2073.23807237117 2014.0648812428 2002.55783106475 2009.78155101513 2040.55203062395 2068.57984604799 2083.77971728091 1991.07631687976 2035.30800212448 1866.55399318844 1810.32456015319 1721.17914050471 1503.31761033301 1429.57049426599 1463.14877436578 1450.1882823103 1435.31079208258 1331.3298644721 1186.43372018713 1115.32635409982 1044.04660682415 985.696131807329 817.684934844761 807.328989318043 868.012761520133 890.250033729583 888.164786875725 816.09273825731 924.2201455067 957.913224887598 963.88389924306 1069.53506360486 1381.49417174092 1764.74772705065 2057.01495389026 2052.83459872792 -9999 -9999 -9999 -9999 -9999
2180.85022321455 2073.4504675242 2140.36323242204 2146.46327211318 2156.37516057683 2156.97505815006 2215.69313966397 2195.71367656634 2124.51448841698 2092.68093876271 2169.96781573521 2173.18086654112 2192.27685647769 2206.46772689511 2202.28998800846 2187.64538670394 2108.57157041257 2109.91027946733 2079.15481273091 2030.72231252139 2047.05154633978 2035.81668819298 2004.92061631057 2005.49785414889 1995.43883723354 1907.48924072379 1857.38098477298 1970.87835173903 1799.56775884015 1812.93323436633 1508.34308886839 1335.5478075184 1367.3320785047 1405.69055312751 1332.27173194613 1339.48823434143 1129.02462823372 983.116993815423 1004.73806257195 938.687679128251 857.906217985051 740.062359714442 1196.20653542739 1005.44080921647 1005.83975842718 966.362516592525 1164.7103947162 1063.64568037204 1160.42077104293 1272.12791806431 1500.86952570689 1762.46282599703 2023.146064727 -9999 -9999 -9999 -9999 -9999 -9999
2183.06018488765 2122.49783382548 2059.58634526251 2115.86888761132 2148.70032501012 2130.55408687226 2240.80015460892 2157.85028191133 2145.92670248012 2191.23919591497 2241.94383475525 2192.11058543236 2180.91454667456 2132.4549481507 2138.9321137388 2119.38766327376 2070.36620655362 2010.90789441581 2005.58380745319 2021.32126897501 2011.10947955524 2013.44253096544 1974.53172827463 1869.75843468884 1901.30921473805 1924.25396967824 1865.45524358898 1817.56082197445 1812.22444357398 1832.39022820148 1672.51289787291 1469.55207422351 1424.41944960295 1376.00292677774 1343.77569006204 1312.04728090278 1153.31189302258 1153.53000329913 993.252062090107 936.809709648034 999.410525976272 920.432189415125 1225.10653653407 1024.50907851954 868.540004930549 907.484048673843 1199.44894517252 1259.84656371066 1446.65828152533 1746.28878272158 1695.81494754207 1801.40882645251 -9999 -9999 -9999 -9999 -9999 -9999 -9999
2203.83664777092 2075.48409318704 2151.31819735395 2140.88933087589 2154.43988144192 2139.49576159943 2137.92277235469 2106.42979211088 2155.45361760954 2206.57953581438 2261.07539360592 2140.27007218722 2125.00774628097 2120.53023164123 2100.00795610715 2056.05619792573 1995.51604603095 1964.73760792424 2011.55726500724 1951.72954235915 1964.48978226022 1952.8660815722 1946.76909173215 1871.15123705111 1863.88576149658 1791.6867875945 1871.56369694296 1781.74918073574 1946.54675476401 2032.48553233425 1773.32102079616 1558.78898278519 1444.38255869306 1409.5498855032 1330.64046059181 1314.96408970351 1295.76442642717 1161.78708494094 1036.79299175966 995.230445786072 1108.29624582019 1194.5440262695 1112.21868850455 959.49563979573 1031.83339697626 1032.13551733125 1252.53401008162 1424.95582023361 1819.92029172179 1857.91902117933 -9999 -9999 -9999 -9999 -9999 -9999 -9999 -9999 -9999
2134.81908119145 2154.16529437884 2147.55430023721 2162.34467676898 2132.38949456734 2124.64850968299 2043.10680592225 2048.16039937847 2071.54446888806 2129.18369917492 2135.2900080413 2079.80204441991 2060.65300243136 2054.74056996633 2055.96973875142 2028.30205416988 1964.83677129287 1912.0340376932 1888.82414886189 1928.35627152713 1938.14016679061 1946.48209899124 1948.88644477225 1886.56235084539 1821.52883895944 1764.22714635836 1728.32759000757 1818.67779002569 1996.33538459743 2023.84626114436 1791.61979361333 1510.31224782952 1435.17891429181 1422.22159692144 1416.69443745418 1313.62323018652 1324.15121106102 1112.52984439955 1014.28938109397 1041.06518145459 1239.66445043195 1334.60903384041 1153.6552087233 968.966598191243 1090.86944920911 1196.90908729841 1373.32679630209 1654.76693465034 1957.93358954137 -9999 -9999 -9999 -9999 -9999 -9999 -9999 -9999 -9999 -9999
2161.65756718273 2184.75924065936 2167.47357780254 2155.2025727786 2141.69734172166 2106.12764059474 2013.79441152435 2048.52909661056 2051.97279492285 2059.24989231375 1994.16213824002 2071.15698823454 2101.55295518598 2110.45481090352 2041.64918176154 1986.94028112917 1926.64157592398 1952.51964552008 1910.0586723317 1922.76251016365 1951.61147794349 1999.77761279111 1983.02192089883 1972.11693484811 1863.23204414948 1772.67645493197 1803.63349133527 1811.40993716872 2044.83064838698 1936.5540700038 1714.56405047514 1521.33201852344 1501.56528743374 1444.74840011431 1284.65678745394 1288.8345525073 1234.33466958973 1000.97700934044 1048.9088566421 1220.25185249759 1086.95963600914 1185.69042423852 1145.59324020507 1078.35883110195 1250.06043777004 1569.71385103881 1776.43227929965 1971.86014719583 -9999 -9999 -9999 -9999 -9999 -9999 -9999 -9999 -9999 -9999 -9999
2050.40640245963 2031.90957353872 2103.70447164777 2113.33502776289 2118.55003467264 2141.7557891687 2153.58901829596 2062.7158300062 1976.58936185249 2021.09776437496 2036.4089930112 2009.51266644779 2084.51360732705 2065.16868556179 2042.46843262434 2015.58420980819 1962.72850613889 1913.17645515802 1909.93737088643 1912.90163329856 1969.44110989063 1995.0860898556 1975.57951826211 2004.6490645061 2026.2364994641 1822.53708353364 1973.50402790558 1742.96414081268 1731.55924105661 1778.18762537893 1574.91074292721 1440.39359520464 1517.61269173422 1504.03645801432 1280.95868535368 1238.39616402902 1244.46510989919 1089.17961815069 1239.48589871963 1368.18077222034 1146.99203755455 1058.64088141835 993.633094093438 1104.4196693445 1434.84714508864 1925.67517537727 2042.2648910824 -9999 -9999 -9999 -9999 -9999 -9999 -9999 -9999 -9999 -9999 -9999 -9999
1989.14946427894 2001.68757665337 2063.50590435084 2095.96939074336 2081.78723049345 2052.58695287477 2065.53559184947 2062.92103831194 2076.69324782335 1997.94509819808 1942.63291620668 1975.99195632055 2030.95750953145 2212.55958651331 2099.39050356935 1989.07352550176 1923.73679654749 1929.0342114464 1905.19888384058 1888.68802067664 1866.73956773179 1960.79002353157 1961.80141294025 2040.86286487577 2073.73081699869 1996.88220806996 1846.80449722253 1886.29068271587 1607.60721238882 1736.35018372867 1476.10777733898 1315.99333244635 1374.28626054217 1277.72543785724 1348.66343047405 1266.83780097246 1272.34946336105 1217.9125547258 1356.92236308079 1246.37627119426 1196.04122836617 1056.70562576738 1092.15712640223 1561.22978514938 1977.81227993733 2080.32202432034 2082.52415179814 -9999 -9999 -9999 -9999 -9999 -9999 -9999 -9999 -9999 -9999 -9999 -9999
1883.89206602228 1970.89234439009 2007.62576103804 1954.57893786629 2018.92025691058 2006.87469055582 1950.09346050074 2075.92904455881 1902.61034777655 1882.10289912193 1855.20876014968 2055.66360591672 2269.39883440368 2241.32272476015 2185.00451422792 1966.8666678964 1870.35325133925 1872.11704803832 1883.14843834683 1895.184809307 1922.9545143376 1966.35605777348 1993.11236931611 1958.72072534382 1965.12259763416 1839.59736440512 1840.21864795689 1738.73132749838 1625.63958952959 1685.23381016435 1533.57388055553 1422.06785207457 1304.63987804202 1335.34739155519 1177.82538023128 1137.29917137432 1115.05304623007 1180.56945591506 992.947365593381 1097.25364908267 1001.94890246913 1067.81338722504 1315.59019662804 1811.62582730556 2204.41827188313 -9999 -9999 -9999 -9999 -9999 -9999 -9999 -9999 -9999 -9999 -9999 -9999 -9999 -9999
1738.44635053181 1825.24984685179 1922.14850299785 1893.80097329389 1928.31055687788 1881.46643040038 1779.23401262456 1900.95949713079 1878.7777858882 1974.65978934196 1959.4217458642 2088.77136718106 2058.02790581439 2086.84268366588 2110.88403833962 1974.58963274972 1913.48297083086 1849.38528861115 1868.10899771033 1935.35872162195 1985.37260288745 2060.30761405133 1985.9807592057 1937.41698192482 1860.78702345924 1908.73795038906 1920.51744169643 1664.84990519461 1626.40871438071 1564.7249572044 1608.72690483865 1514.4199035484 1371.22413212979 1339.7560101126 1161.21211688445 1098.32615021668 1068.14635150208 1115.92250656415 959.024766970169 945.637030239675 928.507479029486 1058.629778664 1564.00780938426 1972.37885168908 2278.41241423622 -9999 -9999 -9999 -9999 -9999 -9999 -9999 -9999 -9999 -9999 -9999 -9999 -9999 -9999
1723.69117849194 1843.01674576831 1829.3394985624 1798.1857416694 1859.36971902577 1719.45930850799 1734.30148705529 1749.97928416031 1848.77389584791 1748.33300750442 2118.13234446637 1933.07616072003 1979.87162048173 2062.64773813258 2038.9092947348 1937.66654062048 1898.14461693428 1857.25437867664 1878.66004007956 1870.81992629528 2021.49373603591 2028.02406421927 1961.06395459946 1889.41802761439 1863.23975535948 1807.69762074602 1862.25712578203 1701.66948081239 1701.78146552514 1586.4535172304 1624.11709707769 1572.68355958992 1400.5000356751 1396.35795002757 1207.83528112238 1152.80149960711 1106.25827191291 1090.09744823868 1002.16403139264 1073.82122309709 995.161313583692 1125.49551377059 1553.77962749449 1909.29644260635 2242.50291953354 -9999 -9999 -9999 -9999 -9999 -9999 -9999 -9999 -9999 -9999 -9999 -9999 -9999 -9999
1678.41510178734 1805.50935382682 1628.69559803794 1661.60289366584 1650.06790267172 1675.93021931841 1606.32082353154 1646.46904296542 1712.44443871174 1770.21749984893 1961.35137466785 1897.32280943437 1851.11135709089 1999.54807357471 2056.26062150355 1961.47211396988 1865.07480155487 1864.41367971297 1877.07405920184 1920.09928283702 1962.69980730467 2001.86408302633 1916.91358361258 2036.19996282193 1872.36754045808 1870.47630226432 1856.51988544966 1763.7220640293 1648.18147329426 1567.84509288673 1620.65409764906 1506.31195143789 1387.20221051204 1220.70221591185 1211.97823513987 1147.94762735423 1208.65362679742 1134.30279176588 1157.68844964446 1129.74951870841 1217.078379145 1385.49528835338 1488.81655332235 1858.89590795885 -9999 -9999 -9999 -9999 -9999 -9999 -9999 -9999 -9999 -9999 -9999 -9999 -9999 -9999 -9999
1543.66344277307 1591.60362063444 1641.0677793973 1596.89350228777 1570.05370266463 1648.75655432761 1660.95137021914 1663.716666396 1661.75009551098 1642.48937839897 1694.10016905639 1835.48415709302 1856.86009419835 1986.34914923204 2039.9895605942 1973.63121079504 1942.10610321724 1865.13991758772 1933.58278080509 1891.61792903778 1961.05172398704 1956.02412108471 1971.57673908437 1987.15442106494 1878.2014953797 1810.94563066023 1851.7466449465 1744.66321932028 1770.59244491639 1541.44585879345 1647.1552371803 1520.24416213157 1386.45246809705 1389.83471576765 1189.05761093441 1252.94012977977 1303.67755487681 1169.875904921 1259.42635404951 1205.06227769021 1298.41240340059 1264.35800340096 1471.39238726501 1941.98614661722 -9999 -9999 -9999 -9999 -9999 -9999 -9999 -9999 -9999 -9999 -9999 -9999 -9999 -9999 -9999
1563.55471917187 1582.57181990475 1590.05827668457 1565.88449800469 1549.36764681755 1592.23924627815 1632.15487452096 1642.6175431346 1636.63598160017 1646.16332363677 1702.18398905165 1929.976190511 1937.52427054564 1949.02414377789 1905.38551533967 1925.25235401162 1908.54289414593 1954.28181875078 1825.45145317859 1808.49813041703 1825.82331701161 1820.19956671417 1886.40677981467 1957.76506879399 1876.13468150103 1877.33017061723 1829.22661235284 1784.55330444371 1708.3687205612 1648.90375488882 1494.3717126875 1543.27548821641 1467.90068414588 1445.89582006465 1322.36689562775 1397.30980980607 1357.29892538599 1134.55264122869 1251.76837518227 1195.0100911541 1310.06495104904 1216.7686467701 1580.19081007169 1903.25818544085 -9999 -9999 -9999 -9999 -9999 -9999 -9999 -9999 -9999 -9999 -9999 -9999 -9999 -9999 -9999
1534.7824017567 1619.34217231293 1600.37479066217 1549.01400726987 1515.38190065703 1539.38825503798 1587.45764802618 1619.94207944773 1650.41158063073 1693.69694775855 1761.49451919564 1940.48943457408 2007.65304412593 2009.50418233756 1926.8923595462 1962.01093351046 1963.42018931174 1967.33402926629 1858.79048845125 1786.67798476672 1763.65135333174 1868.69300751778 1942.5299166204 1922.34366205587 1924.5902727727 1854.95671167062 1867.02325867939 1801.31804165751 1565.16766829914 1578.32139382135 1549.05839405251 1484.25650863264 1514.78745157146 1539.44342260358 1433.38794576918 1412.54286845036 1363.07233651716 1221.38989345963 1177.10089513208 1286.68422603521 1319.0397278302 1346.4739113045 1647.77703789387 1931.2178260774 -9999 -9999 -9999 -9999 -9999 -9999 -9999 -9999 -9999 -9999 -9999 -9999 -9999 -9999 -9999
1559.43759924833 1676.06017938994 1696.58928491106 1576.85525455546 1533.23294951005 1536.46435613068 1556.52978015228 1606.51225271984 1671.90071990972 1730.35632961323 1795.99131810405 1891.35269634622 1940.17204275593 1900.75995610389 2028.32950660913 1950.77378621587 1923.40443311443 1866.33549012539 1896.82623428937 1859.95810440193 1800.4406993713 1850.10975039817 1901.41416842723 1869.76145524777 1842.47503130477 1925.26623616127 1922.18091776446 1773.39050313068 1645.24914802545 1638.87820946208 1563.00241990149 1540.91420066514 1550.99411465893 1474.48583725003 1526.10861316502 1413.02077932632 1266.79080835574 1130.37717840466 1159.80278504363 1232.77335490304 1416.39049756794 1513.24238452943 1749.46658450684 1981.46672656044 -9999 -9999 -9999 -9999 -9999 -9999 -9999 -9999 -9999 -9999 -9999 -9999 -9999 -9999 -9999
1563.77185308725 1759.43903138769 1518.67467363163 1633.79554585278 1591.59413578431 1529.77672577338 1539.10464339248 1585.0916507911 1669.49270873292 1733.35737164716 1764.252868505 1858.92204024865 1880.3369696779 1881.52347045518 2018.82670143685 2037.33699537153 1926.6202930328 2008.3110093512 1925.79710767147 1927.74948207105 1785.10626505029 1846.16153101128 1925.81221083626 1803.33893104723 1836.36154988896 1888.63368654932 1783.89267273406 1830.19877757061 1653.4029958504 1725.52565612433 1653.57931882811 1583.24551625297 1707.0558607528 1545.55366489317 1496.98810425565 1438.88175440632 1391.88540174035 1373.11520647334 1411.72825791636 1349.90741703432 1443.41217921673 1574.47518108795 1712.89812417636 1846.71335356528 -9999 -9999 -9999 -9999 -9999 -9999 -9999 -9999 -9999 -9999 -9999 -9999 -9999 -9999 -9999
1497.55177123484 1620.75508271109 1536.60329608847 1488.42565303253 1459.60413847929 1514.02556439821 1517.10652041266 1536.58981667145 1609.30302808985 1685.64797872187 1668.07673238953 1787.01670872281 1871.05112084248 1906.40569097686 1974.83358771635 2061.23518851337 2058.3667917046 1949.43549831276 1930.22624197001 1761.86697196125 1812.82353176969 1817.34177735625 1785.63429908792 1774.4297391382 1750.90806679034 1879.82237568722 1849.84216337393 1826.83924095268 1714.5596767334 1803.67925558612 1616.43781081468 1723.23443068284 1613.26724051098 1708.59145742184 1549.17706838959 1589.03263690055 1524.49627688838 1543.67933313182 1456.37903159925 1404.38266017224 1431.67261631312 1513.6296090245 1759.19333230783 -9999 -9999 -9999 -9999 -9999 -9999 -9999 -9999 -9999 -9999 -9999 -9999 -9999 -9999 -9999 -9999
1456.88064916768 1495.56751898055 1618.70612527154 1508.83296143085 1504.475476663 1560.34814745497 1482.47352033882 1493.56543330294 1537.0649837482 1632.71865076631 1699.62511241801 1903.41802111512 1785.68460212823 1885.744823712 1955.38095253118 1946.37746713654 1945.40912990552 1998.4532870276 1908.65088914148 1800.60826214225 1832.13692607188 1850.1842572998 1887.56990518591 1870.2560363365 1780.57958035899 1879.44749993248 1804.86240528863 1907.72056819138 1853.84376419917 1864.22038382567 1593.77167425551 1632.67491704711 1502.59006207923 1686.47825967777 1757.25016057114 1638.87059362983 1609.91005334187 1440.17756767814 1518.05112869585 1454.60225982728 1470.00470733197 1683.2997928669 1831.07741438883 -9999 -9999 -9999 -9999 -9999 -9999 -9999 -9999 -9999 -9999 -9999 -9999 -9999 -9999 -9999 -9999
1445.33020832322 1445.85573115298 1465.46458106946 1472.99566688475 1469.1037168825 1447.37409855682 1478.66979231174 1483.31166603982 1515.24067005764 1636.35472037625 1832.2941522675 1818.20426189104 1749.99260941031 1835.80565409056 1872.26488782132 1921.04224858623 1946.08107853781 1928.68185074358 1875.3783832107 1795.17195126596 1747.55238582855 1867.56279276865 1851.65885179273 1913.59003267615 1897.05976709816 1763.7048916133 1818.58173809397 1974.97824486387 1907.46906932004 1863.35424793857 1684.03441589601 1596.68235418882 1619.32937673698 1812.21756544307 1673.99353571507 1677.80595338612 1652.61265073899 1355.33190024518 1452.79864790825 1535.85913314513 1517.93352994796 1721.42368428721 -9999 -9999 -9999 -9999 -9999 -9999 -9999 -9999 -9999 -9999 -9999 -9999 -9999 -9999 -9999 -9999 -9999
1382.64646567958 1456.44859614916 1455.23270222048 1481.41307456115 1487.94129736839 1500.42635942492 1585.57401859181 1522.79465622641 1600.76293549469 1697.23180023274 1808.73623773527 1818.01529908286 1858.09458782602 1844.54575030157 1841.28106824027 1957.49218978956 1907.48471785494 1887.56635298738 1779.99307209337 1732.04406170229 1745.43512744136 1760.02077506893 1847.16229384089 1936.82540074372 1846.71867652698 1999.98098628956 1951.92526646575 1890.48022052595 1935.68691295406 1809.77278362308 1699.70559374025 1662.21799149176 1706.27075018626 1867.17945753794 1772.44834960201 1646.35018165455 1559.93245850678 1413.30834756233 1433.70990075564 1558.98093704865 1578.09539504669 1640.0485918991 -9999 -9999 -9999 -9999 -9999 -9999 -9999 -9999 -9999 -9999 -9999 -9999 -9999 -9999 -9999 -9999 -9999
1347.3486172027 1433.87860595541 1482.81779753099 1507.88592684223 1540.87852649975 1570.15747016685 1489.55425566368 1621.62718839609 1706.43336100441 1767.84068152833 1786.0599189552 1913.47134544578 1834.46782057514 1824.034097743 1841.54685257171 1913.04354190335 1799.02855833332 1772.10815543701 1690.10955432953 1671.41712847638 1767.39757110671 1833.60415983637 1791.96171373122 1807.36303222704 1848.91131706027 1828.44671280023 1906.408717367 1967.75715953967 1893.25971731119 1803.23867546205 1759.40628591665 1857.31230528917 1846.92906630024 1821.35975882105 1751.98735909286 1700.97226377478 1605.22814679474 1441.2234507657 1360.36008736017 1516.98722293848 1599.07531849394 1614.46829460298 -9999 -9999 -9999 -9999 -9999 -9999 -9999 -9999 -9999 -9999 -9999 -9999 -9999 -9999 -9999 -9999 -9999
1335.07283513376 1427.0788321128 1495.30079077088 1551.28312526166 1612.29755924736 1662.52945763946 1679.39318444726 1844.19351667117 1610.78055019361 1724.94985609593 1780.01999802038 1778.36180864663 1806.35129687117 1818.24742121932 1897.49811785713 1797.66474925814 1766.73583428877 1688.45797502918 1697.77168245966 1757.59520404763 1760.06310997247 1752.02986386128 1789.50478682761 1826.48855201098 1927.6555544773 2028.76172004518 1910.94262927345 1957.00710517655 1852.91128253349 1765.44433854915 1801.29849922684 1886.96675376372 1915.39712780256 2009.62694469473 1780.0289430184 1589.64213790648 1698.18712718831 1524.66355764482 1445.39666119054 1682.18736120883 1621.79089612459 -9999 -9999 -9999 -9999 -9999 -9999 -9999 -9999 -9999 -9999 -9999 -9999 -9999 -9999 -9999 -9999 -9999 -9999
1344.67672997454 1432.86638670656 1517.79052644671 1589.57434316972 1659.45600681293 1742.00768948506 1802.9216757024 1835.05071503341 1709.87715341237 1763.13659983782 1806.85878058903 1842.40326410995 1837.30952527811 1919.76117814963 1870.97223168925 1803.75015106985 1673.35879398226 1659.80006201839 1730.58930683778 1724.15883113377 1757.08821789848 1741.50441695699 1756.01533489742 1823.22308457299 1800.94971647897 1994.15687497718 1931.45840303144 1806.95350836055 1784.38954782147 1736.50781999305 1876.90225069685 1844.70097992479 1821.80886371171 1956.97917829683 1734.91365435979 1713.66369113543 1670.64020251282 1746.85896107537 1714.40998350753 1780.47954629422 -9999 -9999 -9999 -9999 -9999 -9999 -9999 -9999 -9999 -9999 -9999 -9999 -9999 -9999 -9999 -9999 -9999 -9999 -9999
1372.68263822339 1455.27183772903 1538.08536534336 1615.59062922825 1680.11823519149 1768.16627845128 1823.56285206945 1853.01897410596 1805.89850020747 1842.839575188 1764.11261093024 1780.43351305526 1869.91029752135 1984.02957868018 1947.41888913253 1760.49188171587 1637.33621695418 1699.30003986494 1688.26589028331 1709.43159101431 1728.1518342686 1706.40174976663 1750.16648333176 1805.84346502191 1808.41443797054 1765.86360157895 1858.57068482648 1837.15460829815 1705.18221882007 1800.8998253235 1828.73150358631 1870.36485441455 1864.78242391078 1817.48319572557 1739.7160358613 1761.10798814175 1682.39837613706 1743.14973693188 1858.6634977055 1681.28680187769 -9999 -9999 -9999 -9999 -9999 -9999 -9999 -9999 -9999 -9999 -9999 -9999 -9999 -9999 -9999 -9999 -9999 -9999 -9999
