layers/npp.asc
NCOLS 128 
NROWS 165 
XLLCORNER -2985163.8955 
YLLCORNER -3022031.214 
CELLSIZE 50000 
NODATA_value -9999 
[rows 0 to 26 of 165, columns 0 to 58 of 128]
-9999.000000000000000 -9999 -9999 -9999 -9999 -9999 -9999 -9999 -9999 -9999 -9999 -9999 -9999 -9999 -9999 -9999 -9999 -9999 -9999 -9999 -9999 -9999 -9999 -9999 -9999 -9999 -9999 -9999 -9999 -9999 -9999 -9999 -9999 -9999 -9999 -9999 -9999 -9999 -9999 -9999 -9999 -9999 -9999 -9999 -9999 -9999 -9999 -9999 -9999 -9999 -9999 -9999 -9999 -9999 -9999 -9999 2366.82677682723 -9999 -9999
-9999 -9999 -9999 -9999 -9999 -9999 -9999 -9999 -9999 -9999 -9999 -9999 -9999 -9999 -9999 -9999 -9999 -9999 -9999 -9999 -9999 -9999 -9999 -9999 -9999 -9999 -9999 -9999 -9999 -9999 -9999 -9999 -9999 -9999 -9999 -9999 -9999 -9999 -9999 -9999 -9999 -9999 -9999 -9999 -9999 -9999 -9999 -9999 -9999 -9999 -9999 -9999 -9999 -9999 -9999 -9999 2083.52618164421 2361.55103923861 -9999
-9999 -9999 -9999 -9999 -9999 -9999 -9999 -9999 -9999 -9999 2081.76293945312 -9999 -9999 -9999 -9999 -9999 -9999 -9999 -9999 -9999 -9999 -9999 -9999 -9999 -9999 -9999 -9999 -9999 -9999 -9999 -9999 -9999 -9999 -9999 -9999 -9999 -9999 -9999 -9999 -9999 -9999 -9999 -9999 -9999 -9999 -9999 -9999 -9999 -9999 -9999 -9999 -9999 -9999 -9999 -9999 -9999 -9999 -9999 -9999
-9999 2410.07683132359 -9999 -9999 -9999 -9999 -9999 -9999 -9999 -9999 -9999 -9999 -9999 -9999 -9999 -9999 -9999 -9999 -9999 -9999 -9999 -9999 -9999 -9999 -9999 -9999 -9999 -9999 -9999 -9999 -9999 -9999 -9999 -9999 -9999 -9999 -9999 -9999 -9999 -9999 -9999 -9999 -9999 -9999 -9999 -9999 -9999 -9999 -9999 -9999 -9999 -9999 -9999 -9999 -9999 -9999 -9999 2230.43017578125 -9999
-9999 -9999 -9999 2405.43987007339 -9999 -9999 -9999 -9999 -9999 -9999 -9999 -9999 -9999 -9999 -9999 -9999 -9999 -9999 -9999 -9999 -9999 -9999 -9999 -9999 -9999 -9999 -9999 -9999 -9999 -9999 -9999 -9999 -9999 -9999 -9999 -9999 -9999 -9999 -9999 -9999 -9999 -9999 -9999 -9999 -9999 -9999 -9999 -9999 -9999 -9999 -9999 -9999 -9999 -9999 -9999 -9999 2227.93360368196 -9999 -9999
2558.40993824777 2585.86866678398 2584.71069335938 2448.1943722364 -9999 -9999 -9999 -9999 -9999 2001.11199032764 -9999 -9999 -9999 -9999 -9999 -9999 -9999 -9999 -9999 -9999 -9999 -9999 -9999 -9999 -9999 -9999 -9999 -9999 -9999 -9999 -9999 -9999 -9999 -9999 -9999 -9999 -9999 -9999 -9999 -9999 -9999 -9999 -9999 -9999 -9999 -9999 -9999 -9999 -9999 -9999 -9999 -9999 -9999 -9999 -9999 -9999 2173.42577837856 -9999 -9999
2526.86069333764 2568.86397322092 2561.38250904217 2451.54273231154 -9999 -9999 -9999 -9999 -9999 -9999 -9999 -9999 -9999 -9999 -9999 -9999 -9999 -9999 -9999 -9999 -9999 -9999 -9999 -9999 -9999 -9999 -9999 -9999 -9999 -9999 -9999 -9999 -9999 -9999 675.0298357114 743.723092000339 -9999 1039.9140625 -9999 -9999 -9999 -9999 -9999 -9999 -9999 -9999 -9999 -9999 -9999 -9999 -9999 -9999 -9999 -9999 -9999 2047.84580195916 -9999 -9999 -9999
2520.30982936276 2541.61489036194 -9999 -9999 -9999 -9999 -9999 -9999 -9999 -9999 -9999 -9999 -9999 -9999 -9999 -9999 -9999 -9999 -9999 -9999 -9999 -9999 -9999 -9999 -9999 -9999 -9999 -9999 -9999 730.10791015625 571.506103017205 587.087054769093 613.35217096625 -9999 600.544933815349 712.7412354101 -9999 955.590056446927 1043.81469726562 -9999 -9999 1022.4661874866 976.711304185817 904.263876304646 808.581603272815 -9999 -9999 -9999 1091.55219878518 -9999 -9999 -9999 -9999 -9999 -9999 -9999 -9999 -9999 -9999
2429.61881130036 2354.01638101215 -9999 -9999 -9999 -9999 -9999 -9999 -9999 -9999 -9999 -9999 -9999 -9999 -9999 -9999 -9999 -9999 -9999 -9999 -9999 -9999 -9999 -9999 -9999 -9999 -9999 -9999 1154.08424505547 860.07994766641 683.934184261344 635.80465918405 -9999 -9999 748.631490899103 816.392716593898 1101.13286222951 1350.33448454779 1455.04688261915 -9999 -9999 -9999 -9999 -9999 -9999 -9999 -9999 -9999 -9999 851.574700778543 1070.03715589578 -9999 -9999 -9999 -9999 -9999 -9999 2060.48928334641 2272.67231379676
2420.99915718518 2314.21730470094 2382.90353204405 -9999 -9999 -9999 2255.22087077489 -9999 -9999 -9999 -9999 -9999 -9999 -9999 -9999 -9999 -9999 -9999 -9999 -9999 -9999 -9999 -9999 -9999 -9999 1971.44426158094 2041.57846681004 1661.92904884589 1452.34893098261 1452.32205338966 1214.84702501501 1017.66333007812 1015.53313265176 950.592158750944 934.09154683809 956.768762706513 1350.80208382767 1602.5077972155 1686.14567977492 1606.83762041983 -9999 -9999 -9999 -9999 -9999 -9999 -9999 -9999 -9999 1149.86815006144 1290.83868107871 1565.41299762225 1649.87058051095 1503.50870455894 1629.6563535928 1902.81059423038 2147.84139061485 -9999 -9999
2519.23566694059 2560.82779480448 2566.13386090413 2585.65463873828 -9999 -9999 -9999 -9999 -9999 -9999 -9999 -9999 -9999 -9999 -9999 -9999 -9999 -9999 -9999 -9999 -9999 -9999 -9999 1516.68627130375 1860.31107754839 1853.15005892433 1116.4241779687 1855.71983686094 1437.87247727429 1618.04165822947 1285.46770509094 1114.1768675878 1381.96058419232 1456.29072676717 1244.90142114954 1013.67905101467 1074.01556079744 1521.43512284579 1914.14710763481 1647.28486191708 1466.0314934463 1390.72169010402 1598.68986773592 1757.82419396511 2075.56493865034 1791.2714544928 1345.82333267728 1194.73512456809 1385.78356122037 1716.40658056687 1734.93265272706 2022.39373317072 2076.48807002064 1854.91132463555 1869.29014837433 1978.98566542451 2188.98501400756 2292.49781588448 -9999
2530.225803225 2564.79117394046 -9999 -9999 -9999 -9999 -9999 -9999 -9999 -9999 -9999 -9999 -9999 -9999 -9999 -9999 -9999 -9999 -9999 -9999 -9999 -9999 1554.09673867602 1627.11450838792 1794.16998960575 1961.35558309511 2110.6846822821 1828.86073140995 1683.33754091752 1672.01801185655 1440.07459339205 -9999 1586.55893803227 1517.97906816053 1483.38124519796 1239.01854990309 1217.55252001593 1721.3835458785 1771.05533174717 1908.51636799877 1718.60443200411 1672.8771259467 1639.20769327327 1627.7961040278 1604.38548696097 1550.59360250934 1473.91545007149 1443.35869657398 1482.29663622649 1464.19619639057 1553.49339504988 1747.67727857583 1945.66426335348 1933.37215898848 1929.22963467647 2053.45483136961 2212.78533402941 2333.69775390625 -9999
2506.36265507785 2546.51953659609 -9999 -9999 -9999 -9999 -9999 -9999 -9999 -9999 -9999 -9999 -9999 -9999 -9999 -9999 -9999 -9999 -9999 -9999 -9999 1740.74653946438 1855.07108407707 1841.74136602659 1873.72009304181 1926.09118979546 1911.52218742725 1927.70677993656 2171.64169719956 1946.15654028214 1813.79913412775 -9999 1994.95422471558 1811.32080124208 1481.81411601177 1880.0907831879 2082.43991956918 2038.22812882786 1869.50292548873 1818.68124292572 1752.78198003644 1688.85000611717 1609.2742972175 1487.35510301105 1475.03275342699 1527.70112689078 1595.56648963657 1603.77861870352 1490.85823869025 1531.77086281146 1539.82987562449 1612.58427836333 1687.01091057945 1724.59201157565 1829.97489643589 2029.13733366685 2219.33151925692 2361.53485379857 -9999
2513.28755901107 2531.71393744318 2559.74866480022 -9999 -9999 -9999 -9999 -9999 -9999 -9999 -9999 -9999 -9999 -9999 -9999 -9999 -9999 -9999 -9999 -9999 -9999 1855.64182047101 1890.90048405915 1735.79239119765 1863.51697690353 1985.12245359639 2151.67823720591 2163.84802274565 2408.79491683615 2306.36110887926 2108.89787306132 2099.24108398772 2112.12925853336 1734.8533494145 1602.25626697398 2078.14894649628 2008.35183121117 1961.54398875176 1921.79465874545 1867.62805282013 1824.03347255751 1800.76812918884 1712.2461747215 1619.00782110963 1597.8624911755 1580.66641462641 1684.87992835744 1621.4402647363 1629.59851938733 1634.85635550748 1580.02508410987 1606.57039494128 1640.77579904922 1751.1497927558 1829.18796780025 2004.84539182482 2149.80274540281 2280.86974763577 2385.71556463255
2509.59319244494 2517.99019297561 2545.065846674 2548.77416992188 -9999 -9999 -9999 -9999 -9999 -9999 -9999 -9999 2564.59836314261 2551.34383037411 2457.16738669098 2452.05335045971 -9999 -9999 -9999 -9999 1995.26564876409 1852.08533647512 1905.51436498801 2007.89686781719 2175.89293907723 2190.77523291331 2111.53644014046 2175.38268978511 2436.26202941867 2474.42795138861 2284.56583738324 1971.54843907496 1707.81524911061 1266.06581834574 2225.07038438043 1986.95866598436 1941.35991800259 1917.50310997189 1932.8682416482 1932.77192728222 1917.12466324997 1883.79603529522 1829.37197813171 1784.1699927359 1774.9657266502 1824.9008534933 1736.54412977449 1649.77560237102 1677.6567362185 1626.97275268229 1599.67844842081 1588.89332471965 1700.37884686283 1689.68920814498 1851.00364539207 1933.64533391174 2047.36045016688 2178.91820360603 2291.90764258126
2336.78333884031 2096.86571667444 2130.18952152502 2170.16568647021 2530.54486795925 2510.74880776866 -9999 -9999 -9999 -9999 -9999 2555.62071344343 2486.16163958491 2344.47200549488 2433.87524105369 2486.53763169645 2489.83272297624 2513.14028074295 -9999 2319.80390236379 2092.3177172924 1994.86701806509 2099.57888571432 2264.27355503595 2319.87336443129 2315.13062845207 2133.92088116583 2024.57094816193 2187.52489561323 2294.02758016544 2068.93221135517 1808.33987057114 1910.54548796693 2277.21916948424 2129.5022194535 1967.24625562701 1945.09311163497 1931.79191358586 1940.96755694395 1942.59827084254 1943.30354946247 1927.75110578446 1937.90353574212 1973.57935579147 1957.7673356919 1946.24736886822 1985.0268434791 1971.50883196631 1920.09429237136 1876.74798537303 1830.27173835068 1805.34420544759 1819.64774237752 1806.33135445343 1756.18908752231 1718.73671778087 1951.54538497961 2041.63238362458 2262.26186933804
2561.84507943775 2534.14610080559 2267.9785955362 2107.56544857016 1803.46394092482 2346.15460111643 2418.18430507756 2473.48433132994 -9999 2510.70853978441 2492.24183049271 2375.2703478079 2232.76151335617 2374.28436455758 2406.25352989337 2534.64783616432 2510.76435706791 2479.97995739226 2414.37087373639 2462.17195012893 2209.06065482311 2130.56950093237 2298.37859553496 2467.95614019604 2453.82042088569 2153.75528990067 2276.21751123253 2110.88710344429 1709.57086527139 2127.3161768117 2153.19377150183 2404.77322258257 2282.43428345531 2150.43214941309 2062.14729308979 2038.64616664652 2023.27631103133 2022.35881364762 2020.39341832138 2000.97445843309 1998.74087083177 2015.77488456752 2090.57809253437 2190.64895956636 2153.93757376281 2161.90960129716 2191.29937673164 2166.50669271181 2175.64257635085 2184.47219144056 2120.86394845477 2039.90538159514 1993.18256719257 1980.49277489058 1857.25456687245 1848.91407735713 1921.99620169447 2045.46749343946 2274.78002807009
-9999 -9999 2566.71997070312 2544.02062189348 2364.24984010292 2265.74951809334 2355.1999713538 2232.83431013769 2262.22842081804 2306.44323848629 2127.64881441646 -9999 -9999 -9999 -9999 2506.21277520135 2483.3073676282 2406.3163997931 2450.39581224233 2466.31175878024 2338.71428812731 2359.17970359242 2403.08219113783 2478.24108655772 2500.85230475131 2254.62375749346 2498.54936351556 2235.12153648385 1804.68583764836 1525.279664574 1989.17580742877 2488.73422135861 2331.63277355121 2177.16154163245 2126.91296428214 2155.50417314743 2166.21048949101 2189.04671270902 2198.45225627817 2159.43120622775 2144.789028342 2189.90533541011 2288.14457481004 2371.91255900998 2382.10295314781 2351.45985545734 2281.40986153196 2257.0237447961 2273.73004534337 2442.68559542065 2391.50935791337 2279.71616679865 2219.40828599843 2199.25917137601 2153.63829779068 2114.57866486283 2160.20186657076 2236.17137025154 2387.03017523685
-9999 -9999 -9999 2550.11234952445 2539.10239073025 2559.42106820995 2474.06667200232 2413.94658799952 2379.8308937313 2332.56474997934 2125.64858988179 2065.38481102165 -9999 -9999 -9999 -9999 2483.71098838564 2422.14529449705 2507.50552632055 2529.62564688208 2417.2171611383 1815.67115486407 2118.3285230409 2155.08345688454 2351.76638817871 2478.67312889385 2556.78499570189 2183.61445759156 1801.47244277151 1410.21675835782 1466.53498799191 2345.07406896343 2505.98863696331 2455.62939991517 2382.88743400029 2343.83968133731 2304.77725147368 2328.58972710183 2385.53972443007 2363.11588951944 2352.33143434662 2385.24506790402 2370.98048725472 2412.88523186682 2453.23372068621 2407.96006232099 2391.91648917205 2293.3477825548 2476.43031452614 2460.37744140625 2461.8869054724 2441.29305371734 2451.51215450454 2349.92489000314 2354.58865846193 2307.34002329939 2398.7156345133 2229.65471001115 2305.2708914219
-9999 -9999 -9999 -9999 -9999 -9999 -9999 2530.42021821294 2341.96872060754 2370.06220878003 2303.29415448415 2209.795240437 -9999 -9999 -9999 -9999 -9999 2492.56235471903 2456.70138637502 2539.4871197427 2328.14730028236 1837.84394273832 1759.34617564318 2038.80089531976 2302.67546516997 2506.49910301751 2542.14836854741 2213.2480691468 2044.8719773381 1589.54075697516 1377.32496743719 2440.35360744401 2517.74559999 2508.3264820656 2498.1018799492 2487.96049508586 2417.50297587036 2407.05114432516 2478.45828833896 2474.19837315535 2441.03482144735 2489.63448912992 2420.89432573905 2383.99492419103 2287.44265252633 2212.81700958827 2353.05281708284 2167.81665450952 2445.74677656164 2449.99962442027 2364.37719325746 2323.66743541727 2434.42569434826 2218.89830436022 2252.01565833778 2119.97521551884 2113.54069262677 2291.3307709976 2323.52245450992
-9999 -9999 -9999 -9999 -9999 -9999 -9999 -9999 -9999 -9999 -9999 -9999 -9999 -9999 -9999 -9999 -9999 -9999 2463.17693417308 2517.03969777658 2470.27249416273 1787.82075778681 2005.82750377601 1849.80380737585 2419.27573607753 2476.33327291648 2177.47992974861 1959.35368153193 1528.01604271076 1340.36536102839 2069.63454459929 2513.30091144778 2503.35037737262 2510.48842966639 2496.84575710737 2490.66067840725 2485.71802796789 2484.51375946074 2483.89159489325 2484.46782640445 2484.91238173108 2448.56820857609 2435.07612574516 2374.69878565231 2389.6295591667 2501.66706257017 2415.23729392831 2159.03970354899 2416.42802969182 2429.51311159498 2436.91290606588 2437.17068921148 2453.29285998167 2421.90115210538 1966.92355969107 2236.63821052764 2218.16207507986 2107.78929869078 2145.24703004276
-9999 -9999 -9999 -9999 -9999 -9999 -9999 -9999 -9999 -9999 -9999 -9999 -9999 -9999 -9999 -9999 -9999 -9999 2515.16331165368 2500.42636476081 2544.70607111861 2022.92936631723 1915.94972424814 1882.20317563381 2441.04259589473 2320.31799666642 1987.37067174709 1485.44710558558 1584.29053484722 1867.94655269191 2459.48204233352 2406.88574795378 2367.53997515132 2481.26113213619 2487.28475786784 2473.13366872434 2470.99470624621 2468.94650286551 2463.82544410703 2462.94795855491 2463.83509527884 2467.13911632977 2325.74529859934 2077.4481176203 2469.61164976998 2509.21565485797 2466.0976970484 2366.77328585359 2366.14829779613 2203.3995503532 2276.96296719824 2393.27112486665 2423.92394689524 2394.23759079658 2381.57840407669 2302.31767011375 2270.66744587634 2035.40571367639 1915.03595621517
-9999 -9999 -9999 -9999 -9999 -9999 -9999 -9999 -9999 -9999 -9999 -9999 -9999 -9999 -9999 -9999 -9999 -9999 2521.79654747295 2516.25809933975 2539.37934558513 2190.89941079528 2196.62193963467 1621.32621900774 2316.85559659705 2061.685035229 1585.22857323758 1579.1172481573 2188.92181271181 2464.83080022104 2504.30372675691 2394.37041920504 2343.11633768809 2411.79996081797 2471.54068047941 2462.47702658934 2450.99643498082 2449.52567146701 2443.20941350565 2437.00897513667 2444.18211947589 2451.37892356314 2416.26598578377 2377.17307031549 2490.5903351519 2490.11356051576 2200.55061667859 2158.84064594933 2175.19896233537 2244.49844587377 2359.0927113183 2249.78337362885 2340.20932626589 2394.10528539326 2408.31045109908 2406.97753703015 2277.68390182899 1903.33483725756 1713.53397919539
-9999 -9999 -9999 -9999 -9999 -9999 -9999 -9999 -9999 -9999 -9999 -9999 -9999 -9999 -9999 -9999 -9999 -9999 2519.28921045322 2524.39996197108 2505.51073236273 2000.42532015694 2146.73375840238 1290.78951254481 1962.51216054863 1660.84997464562 1473.60348764885 1615.32230588559 2474.21432948652 2537.52811662376 2475.2714398619 2371.20168495969 2397.75555047713 2408.07054869639 2451.70741125492 2444.24054396566 2438.10336345577 2428.53945798285 2428.0537109375 2428.0537109375 2429.24638540704 2435.73873510777 2442.4050555375 2456.76463393822 2460.68372102947 2385.72093810654 2332.29530847423 2236.75297814032 2124.39356806469 2207.38356044096 2313.97221818068 2359.2031282781 2253.02324969247 2360.73113387656 2446.08381678713 2308.3243873092 2088.71360287849 1939.23452892211 1896.96902868527
-9999 -9999 -9999 -9999 -9999 -9999 -9999 -9999 -9999 -9999 -9999 -9999 -9999 -9999 -9999 -9999 -9999 -9999 2523.40747906796 2529.53431129498 2509.49560757098 2014.18565450295 2001.78556398046 1822.21905009094 2005.57216959184 1851.98790038163 1218.03049784464 2423.63419272835 2526.60241950012 2519.75847896975 2507.26058061385 2487.8647944359 2471.66964385081 2463.62569317987 2451.30620995268 2445.97332831975 2442.14258836018 2432.46763016239 2423.14338646396 2422.32170834923 2421.37020817105 2423.18989917599 2424.9395476263 2431.22012674464 2436.4074891457 2418.00797942971 2009.40623502621 2428.4182573997 2231.73162818781 2243.75792432355 2307.07426783676 2334.58436500217 2408.24538563542 2411.43570132145 2424.13966981556 2301.64110252215 2091.89766401838 2016.54274875975 1981.1004734005
-9999 -9999 -9999 -9999 -9999 -9999 -9999 -9999 -9999 -9999 -9999 -9999 -9999 -9999 -9999 -9999 -9999 -9999 -9999 2527.09949291039 2312.80323659427 1831.41342177222 1198.52001783227 2214.34585587227 1982.40639160903 1708.7747113378 1713.97416754537 2482.01154933823 2514.28220848906 2502.51956675801 2493.81383052107 2468.70351253273 2457.32323394618 2449.02069784626 2438.89442585141 2438.45947664972 2429.65315809966 2421.68754190413 2422.4757034217 2422.2931592659 2421.41971817326 2416.95532226562 2414.6514283126 2418.36339617385 2419.4529798702 2427.72370104786 2431.82645568322 2449.7411005874 2355.01351412824 2156.21729485001 2137.83943368214 2282.6809041926 2326.69269065247 2333.14058084134 2320.88860267269 2303.56123958528 2183.3097345275 2068.54834403038 1978.58055983049
-9999 -9999 -9999 -9999 -9999 -9999 -9999 -9999 -9999 -9999 -9999 -9999 -9999 -9999 -9999 -9999 -9999 -9999 -9999 2516.61658102793 1858.81869597065 1890.18708701529 1486.99094635048 2185.94506299043 1706.78537136982 2032.15701362493 2251.14383446785 2385.75530925243 2481.86643997436 2487.8118929333 2470.85063282857 2469.82884276106 2459.70425298119 2451.49521055692 2451.70778850747 2437.63539517937 2428.0537109375 2428.22678146814 2417.52779517654 2422.52465820312 2417.45987543882 2411.34521484375 2411.34521484375 2414.80439102728 2416.95532226562 2421.61395196734 2418.75196448321 2409.87089966159 2304.88587783533 2323.93784962508 2158.42633617241 2195.98081307165 2341.41798353715 2288.93949090484 2300.78025424467 2237.33814458757 2192.11139718519 2142.95133982166 2042.34690806412
