layers/npp.asc
NCOLS 128 
NROWS 165 
XLLCORNER -2985163.8955 
YLLCORNER -3022031.214 
CELLSIZE 50000 
NODATA_value -9999 
[rows 27 to 53 of 165, columns 59 to 117 of 128]
2177.62812091861 2172.68374825668 2178.82217080917 2177.62899216098 2209.44360279896 2221.93945604331 2233.50187288364 2251.31748840735 2203.67646674448 2324.79303526829 2138.30460664204 2248.39284127812 2230.47279166923 2272.01135797267 2287.75700702672 2340.64568131261 2391.23800704574 2403.92811847021 2440.67971644248 2453.46376804887 2466.6089545641 2499.63198010036 2532.15987835328 -9999 -9999 -9999 -9999 -9999 -9999 -9999 -9999 -9999 -9999 -9999 -9999 -9999 -9999 -9999 -9999 -9999 -9999 -9999 -9999 -9999 -9999 -9999 -9999 -9999 -9999 -9999 -9999 -9999 -9999 -9999 -9999 -9999 -9999 -9999 -9999
2251.8804163057 2157.64902226499 2256.77739948036 2195.47499922128 2198.43477183197 2304.26246185382 2247.41391949698 2249.48615058222 2218.40099070455 2251.11316941661 2251.36955262135 2182.48691032225 2177.10873418829 2234.73033989049 2258.4880337623 2295.34854697937 2286.10875945204 2448.10295564736 2435.5079774441 2460.66362767055 2460.04059496229 2497.1357851591 2525.92344493756 2545.40108120949 -9999 -9999 -9999 -9999 -9999 -9999 -9999 -9999 -9999 -9999 -9999 -9999 -9999 -9999 -9999 -9999 -9999 -9999 -9999 -9999 -9999 -9999 -9999 -9999 -9999 -9999 -9999 -9999 -9999 -9999 -9999 -9999 -9999 -9999 -9999
2305.47214726306 2206.92697382899 2202.34352503572 2303.59399921569 2214.44187868729 2277.6012254633 2284.0421737782 2304.289880829 2217.3159875519 2280.46790553195 2239.33267641078 2202.79713877122 2231.94151416932 2288.65277530397 2208.32770704091 2381.9930522669 2313.47211388778 2395.10855073066 2374.29406854734 2435.57656940743 2447.72764124752 2481.67715094558 2511.77634879022 2550.81888580343 -9999 -9999 -9999 -9999 -9999 -9999 -9999 -9999 -9999 -9999 -9999 -9999 -9999 -9999 -9999 -9999 -9999 -9999 -9999 -9999 -9999 -9999 -9999 -9999 -9999 -9999 -9999 -9999 -9999 -9999 -9999 -9999 -9999 -9999 -9999
2354.57773586836 2304.97110560126 2274.97509808292 2226.34333460345 2256.97579395135 2242.51933392343 2331.68123568064 2338.97649897709 2299.55176758405 2255.8437582123 2279.3771009741 2204.43471993225 2279.65206869032 2239.46363730599 2281.66713849435 2273.83420367198 2328.88778027411 2400.26814265918 2392.83039508382 2347.66969602664 2365.68863768391 2309.15454828527 2364.46222355237 2551.22874519939 -9999 -9999 -9999 -9999 -9999 -9999 -9999 -9999 -9999 -9999 -9999 -9999 -9999 -9999 -9999 -9999 -9999 -9999 -9999 -9999 -9999 -9999 -9999 -9999 -9999 -9999 -9999 -9999 -9999 -9999 -9999 -9999 -9999 -9999 -9999
2287.06670578733 2309.48163134698 2244.87945738147 2337.64759059039 2350.82095573823 2377.10420271895 2382.02585462754 2367.56330225883 2374.76692938807 2362.70520495747 2293.48680954193 2246.23873607933 2275.71188148565 2333.39979399502 2245.02970711368 2372.23265494631 2316.18971525129 2316.68529040711 2419.3194510553 2350.04223697612 2295.00549256771 2274.85982523254 2309.35930144033 2550.33375294295 2567.684695895 -9999 -9999 -9999 -9999 -9999 -9999 -9999 -9999 -9999 -9999 -9999 -9999 -9999 -9999 -9999 -9999 -9999 -9999 -9999 -9999 -9999 -9999 -9999 -9999 -9999 -9999 -9999 -9999 -9999 -9999 -9999 -9999 -9999 -9999
2353.6263734105 2328.4793754565 2343.87383426763 2371.6297184918 2366.65413215243 2318.14952554376 2428.40862382633 2452.02828722911 2458.53828502524 2386.94115115522 2386.70748101002 2291.8599091602 2298.64045716561 2263.41874724775 2282.43510132346 2258.42075990039 2306.27940841666 2288.1024884365 2396.19241490204 2330.68262863423 2300.50391639972 2339.56215247163 2436.43324221364 2564.21834562752 2575.46826171875 2575.46826171875 2579.78686523438 -9999 -9999 -9999 -9999 -9999 -9999 -9999 -9999 -9999 -9999 -9999 -9999 -9999 -9999 -9999 -9999 -9999 -9999 -9999 -9999 -9999 -9999 -9999 -9999 -9999 -9999 -9999 -9999 -9999 -9999 -9999 -9999
2352.14898863838 2383.9118670795 2384.81616532227 2338.84165298937 2351.63786818142 2419.1471968554 2444.21809381527 2468.65946361371 2477.98559230712 2436.87135232907 2398.58970274767 2210.33515092104 2157.16504640528 2023.58422185273 2172.99768128065 2155.23989183813 2148.53337141668 2197.27987656614 2283.6054216255 2278.22834652692 2281.07445771861 2337.17349915806 2417.21775971617 2501.21015891499 2536.19308766532 2522.62886247904 2569.49730737306 2573.32573718731 -9999 -9999 -9999 -9999 -9999 -9999 -9999 -9999 -9999 -9999 -9999 -9999 -9999 -9999 -9999 -9999 -9999 -9999 -9999 -9999 -9999 -9999 -9999 -9999 -9999 -9999 -9999 -9999 -9999 -9999 -9999
2380.19600463761 2319.12681814517 2381.77557931249 2291.22781584149 2368.16659849137 2407.10360144618 2449.90287904925 2480.64537697962 2497.41023144502 2485.49406308379 2337.96457355274 2246.10097020289 2113.88586145521 1972.78820235279 1891.95517194806 1910.08328122975 1854.93481513828 2084.83270322846 2209.95642779307 2292.43670179708 2323.38364487792 2317.62004894647 2417.1220162392 2445.9159335682 2468.41899496947 2445.02460247708 2514.57530031657 2553.53275878454 2524.70886196859 2472.27031092863 2457.36136146352 2414.66888286541 -9999 -9999 -9999 -9999 -9999 -9999 -9999 -9999 -9999 -9999 -9999 -9999 -9999 -9999 -9999 -9999 -9999 -9999 -9999 -9999 -9999 -9999 -9999 -9999 -9999 -9999 -9999
2446.59243438303 2421.45297093775 2315.5057643571 2375.14059235587 2330.24514829156 2399.85899151554 2461.49266337582 2445.83047648902 2463.00255244817 2433.81816465877 2330.26866193778 2328.68871548862 2113.72433429178 1898.28310157165 1849.66851927133 1797.53540866328 1819.39419847799 1971.2308221237 2207.6475471776 2211.30067070631 2178.77686560984 2250.91879712725 2314.44393863293 2380.42183372451 2441.8774016515 2467.92604911326 2520.29574725166 2534.78362098165 2462.50170084285 2439.55147631018 2397.0263673664 2373.19103283618 2386.10662024052 2403.47997257395 2312.7625544438 -9999 -9999 -9999 -9999 -9999 -9999 -9999 -9999 -9999 -9999 -9999 -9999 -9999 -9999 -9999 -9999 -9999 -9999 -9999 -9999 -9999 -9999 -9999 -9999
2463.88131304693 2403.97379709964 2397.41707818583 2354.14820015466 2336.37256479823 2288.86577389594 2386.95515890513 2449.98011390598 2431.42671765964 2370.27877572186 2338.79984666157 2292.87674097917 2253.25065889335 2099.02031867706 1956.77599809142 1954.32495380449 1939.80003653802 2023.29448023786 2123.57168997094 2181.89607023243 2242.08932826051 2306.31001549766 2353.90326994063 2360.44336810978 2395.33488183858 2425.16983527569 2414.27340311688 2425.77513473189 2431.93747168676 2395.03263653506 2380.60613204827 2309.66828363478 2348.12399281884 2372.78210010269 2236.25998242033 2241.80394794188 -9999 -9999 -9999 -9999 -9999 -9999 -9999 -9999 -9999 -9999 -9999 -9999 -9999 -9999 -9999 -9999 -9999 -9999 -9999 -9999 -9999 -9999 -9999
2460.21213640122 2420.29746097041 2361.68191426083 2373.35353745757 2351.70720362021 2279.61585120496 2340.84041034021 2426.36443927649 2406.03123587864 2382.83465093949 2307.53131253531 2308.99285652911 2260.69195601332 2158.28153572716 2100.15028718518 2086.14917374622 1996.69606885767 2030.92697267492 2132.63960030512 2166.17214717586 2263.6749402506 2344.27970364428 2378.37688016367 2346.28704798531 2348.77653924259 2360.93016673117 2345.70090940773 2368.33228447852 2335.12773707879 2277.17751888917 2291.26718883288 2301.70412344984 2227.41240273254 2275.96310088404 2134.21795106184 2284.96180011498 -9999 -9999 -9999 -9999 -9999 -9999 -9999 -9999 -9999 -9999 -9999 -9999 -9999 -9999 -9999 -9999 -9999 -9999 -9999 -9999 -9999 -9999 -9999
2423.73805096215 2384.47131070283 2371.50327828936 2386.38574666139 2338.58479038077 2264.28797625028 2292.01776883069 2364.41189391032 2344.30466154851 2342.92238221525 2271.97327521643 2261.73644006384 2212.14366801911 2070.49913754463 2086.67780283556 2002.68081389443 1981.11442334666 1995.29849200245 2090.31192340035 2106.51066982043 2207.82461771361 2298.47335847141 2333.40469595668 2327.68771889846 2318.59753697938 2288.38604741543 2265.39620439584 2230.90879630726 2183.00081119292 2171.11364480037 2209.72443703637 2199.53971478574 2260.24392161645 2210.86792699742 2124.2443442165 2215.17740796356 2218.38856024727 2148.96251380968 2066.50498330785 -9999 -9999 -9999 -9999 -9999 -9999 -9999 -9999 -9999 -9999 -9999 -9999 -9999 -9999 -9999 -9999 -9999 -9999 -9999 -9999
2335.91003167029 2322.8438309996 2362.5839082361 2351.50985347257 2322.31009999916 2252.25964791181 2273.37831847076 2340.18196534096 2359.86894521053 2347.54895696041 2349.32772586001 2235.80745834142 2210.66488002146 2128.9924480966 2068.49359911593 1854.61258663826 1963.30471843123 2055.30639748163 2082.53896974043 2081.96058423142 2108.95335099282 2160.57319143384 2255.42299028398 2352.04066797261 2276.52382712126 2194.61255838121 2130.57632981846 2031.0351631337 2030.5111318055 2065.26816927902 2080.58204144654 2134.92804281345 2172.74182142515 2165.52034402816 2136.77919469412 2141.35462583239 2130.12797164163 2105.02963738018 1989.34085864588 1918.24964138685 1850.20211820548 -9999 -9999 -9999 -9999 -9999 -9999 -9999 -9999 -9999 -9999 -9999 -9999 -9999 -9999 -9999 -9999 -9999 -9999
2287.84121329898 2228.90124845572 2286.00258324843 2312.77627420253 2292.13710983076 2267.98204692032 2276.1746727937 2293.6457216142 2339.01929156653 2325.75688615515 2300.94700480819 2299.85096958271 2242.21303559375 2156.42061677062 2134.18887435378 1968.68130553961 1937.01196400213 1988.79280470417 2058.23730524844 2059.12291330767 2021.58648025865 2066.60675119872 2118.87048352275 2266.73547714955 2219.77053281219 2181.63133247973 2102.51946448445 2044.58836153738 1960.06164130816 1887.17590687459 1942.88023724065 1993.06123251353 2058.74889632147 2154.65256517094 2080.49070440968 2036.63710409553 2075.91396435827 2026.73278261244 1934.75251914384 1877.98563596318 1853.88219795597 1751.61700899419 1617.94886118679 1590.6495710331 1639.83282634533 1684.324245156 -9999 -9999 -9999 -9999 -9999 -9999 -9999 -9999 -9999 -9999 -9999 -9999 -9999
2283.47897653178 2182.71632262306 2219.86044597924 2265.70606687163 2272.51804592163 2269.9180554084 2220.69851031071 2273.45038156778 2334.77380925617 2374.69521084158 2329.9801385343 2292.07679145253 2287.74744228767 2180.05243218115 2101.52327899186 2014.12698289112 2021.41987455181 1984.4186826943 2001.47466157196 2074.89742099715 1975.64575243421 2040.33162149287 2069.11341444974 2186.37285267033 2231.07846671092 2235.37826467429 2196.09617456203 2106.72679671978 1959.07062943045 1796.27420881656 1861.70890764776 1951.89128101859 2043.05268809918 2087.00615295005 2043.85912292326 2064.01600910715 2038.40330317643 1978.35194615271 2030.61841527439 1982.58335077759 1870.30543250649 1676.7964321932 1545.66248559928 1652.99498782766 1554.47455121935 1489.03851703215 1667.21412514229 1752.6204386914 -9999 -9999 -9999 -9999 -9999 -9999 -9999 -9999 -9999 -9999 -9999
2302.56200953073 2204.7201120452 2175.82041285525 2225.62525306736 2228.22051666109 2227.28500696004 2182.43819643185 2303.25121756664 2339.42994324917 2360.24811236127 2370.24605041587 2334.63493485316 2238.68695404145 2239.32674128746 2137.98667692745 2047.16512717131 2052.3812778425 1982.70298069098 2029.43774996883 2061.32358355938 1956.89090484195 2054.37055787008 2121.52428200556 2210.66132593664 2235.66303256643 2315.76509869463 2319.10454899053 2117.05356650595 1948.98651835225 1817.73412166602 1821.87850500979 1914.28667074259 1993.95586224252 1952.99143522567 1977.0807682595 1958.18597835079 1929.45345416933 1941.08340597353 2005.98501549861 1995.33566591133 1972.055351129 1759.2616662046 1418.50666572669 1647.79177639483 1361.14912092066 1194.41408299822 1440.3385157863 1562.20946145152 -9999 -9999 -9999 -9999 -9999 -9999 -9999 -9999 -9999 -9999 -9999
2302.02556511769 2256.62414552539 2216.11967800301 2200.23955752505 2209.80319834143 2184.32817455889 2257.13839181021 2281.57547407124 2400.06390797599 2368.19074439174 2365.22519072746 2305.71225780293 2292.02012629631 2203.89065211179 2186.5463779151 2185.53634413034 2136.91987628828 2076.26501742878 2095.93160077701 2069.86559068446 2005.92537758454 2021.40129321923 2058.87719263572 2164.34237357456 2200.99176880003 2228.08421376622 2111.58964423271 2031.01388178839 1933.18716090788 1781.96364636828 1687.72369626021 1761.69514481868 1851.33504012164 1931.18803437854 1932.95426721812 1876.68559503037 1928.30397806988 1844.55634050805 1903.95056973581 1950.41396989813 1937.27849291874 1717.10750611055 1283.42705577978 1582.79698746144 1291.41307515947 1114.24647775881 1168.76298595245 1470.48700133119 1704.26105531645 -9999 -9999 -9999 -9999 -9999 -9999 -9999 -9999 -9999 -9999
2291.55070609837 2319.00293592717 2272.99935200351 2223.56895962254 2234.25459857349 2275.65081317214 2271.6778177769 2260.44284992246 2356.97081308214 2356.77631921704 2320.66279988369 2299.01989764767 2281.41757369481 2259.86494188479 2252.32105370239 2240.83723692233 2242.01313386853 2172.6055284539 2252.87167286753 2150.87514470309 2112.54906751247 2064.72576371436 2054.7160566895 2093.24484250013 2164.48323261805 2184.10701266392 2052.15745902735 1985.0487481222 1755.47918680692 1747.04429362744 1600.98472421869 1560.23241890015 1694.7964626458 1704.03492694875 1776.53383893059 1827.06263508211 1860.22299085644 1884.21933083131 1910.76894214659 1868.78273309128 1750.40414297377 1580.72716666071 1160.0428624634 1308.58696773676 1248.50436058357 1095.06177779566 1219.4571245642 1531.0082189549 1366.50548500086 1505.10927957153 -9999 -9999 -9999 -9999 -9999 -9999 -9999 -9999 -9999
2287.49816591148 2276.06289956635 2270.36891573536 2248.78719147824 2257.11312996649 2269.00470385089 2265.08547890354 2402.18109825522 2426.17111236457 2347.07196685496 2261.98497346927 2278.25253507205 2332.00476599057 2332.47161419094 2347.94384316396 2284.70693682458 2262.06657678766 2210.81678950352 2297.15500840344 2180.12968946732 2175.03635898197 2068.4282154561 2122.41923159176 2044.86112125339 2090.62308612162 2025.48924857692 1955.29885270739 1880.80610759428 1857.54111999915 1732.94552445619 1622.65999309547 1548.29437072517 1543.07887395797 1488.87789804488 1603.64651143153 1637.42616975843 1716.98836538019 1840.98184354905 1833.14229621727 1839.97712704367 1732.30051125602 1524.34757586762 1285.84751300998 1187.51402996889 1008.34246658674 1134.31740840875 1137.79411921213 1201.09549470942 1248.77805731965 1281.90214741249 1393.57574958664 -9999 -9999 -9999 -9999 -9999 -9999 -9999 -9999
2274.50246823013 2262.92494259087 2336.07584658573 2279.89002382484 2243.8297050338 2393.47021095272 2352.57041223797 2412.07569229725 2382.83216873087 2349.95570259513 2339.3356841398 2411.11221162833 2387.30329952523 2374.70785844746 2308.036063287 2342.3990160938 2308.01924332223 2365.671847919 2273.74592685372 2241.45023464541 2235.22229012566 2102.18207384793 1997.45762142658 2041.48924346312 2019.93303585637 1967.96820947263 1933.91099322276 1971.33859305844 1883.83706581948 1771.12142463468 1655.95936339415 1649.31337829354 1595.15561259084 1626.57454667246 1664.05649496627 1673.88408090835 1728.22609663637 1795.3047770028 1794.41479618891 1834.33690961955 1611.69866369493 1415.84316719528 1279.38124990693 1103.67688587769 1033.76921574442 1267.7635357968 1192.96214671154 1217.88384849803 1251.09438177655 1237.00738738204 1272.4505602187 1149.55674984641 1018.2621962918 1023.99088947618 -9999 -9999 -9999 -9999 -9999
2393.94123195659 2288.62891330133 2376.06952774393 2274.95418940004 2333.42439249681 2317.70739909072 2456.82242507141 2425.19715835741 2423.06285166828 2399.04906210078 2403.32538268378 2428.68411831306 2421.10798600137 2424.97372950292 2359.72413468974 2414.72747844092 2316.10412037083 2349.57874491897 2298.4858352738 2281.2410527412 2247.29391943448 2225.38898538333 2087.73105188908 2006.4741498155 1994.11245443541 1921.79283001678 1961.36899140429 2093.51081878082 1929.47071857989 1745.13778336652 1655.96985192672 1639.24044228691 1678.53598137904 1614.68331968662 1632.66227675034 1720.18544865035 1718.28844528141 1737.33903687193 1722.500123669 1775.38255784073 1597.59725766494 1390.09924226127 1175.27202340908 1017.322313304 1033.11737238858 1264.80972632619 1276.78804819765 1210.22975082311 1181.40317232662 1207.27953584797 1153.77408422633 1072.11288512974 902.828823534356 905.163728359582 1327.44013413308 -9999 -9999 -9999 -9999
2442.51200672254 2382.48796107928 2416.37037143984 2338.19801887073 2337.0663887722 2404.07786051144 2369.02506354844 2433.29028013725 2406.4371295876 2410.12926562948 2409.94614743841 2413.47396041694 2430.34899088594 2428.73507084861 2416.47890416773 2395.82483064886 2343.61424436006 2299.81644709479 2331.00168912998 2281.96095891038 2304.84672709473 2276.90827963153 2162.72398964839 2086.27520652207 2049.29340966802 1967.49539502064 2032.18992232741 2055.8607208926 1912.59114280533 1714.98018673558 1586.60771282031 1707.42950911647 1481.14912535518 1435.05387010738 1522.11482908762 1519.94676541194 1509.14471219494 1505.91417084444 1624.1467052267 1483.78826405783 1407.66516349127 1336.11066111882 1054.64437116229 979.006064444528 1018.59089967226 1344.73725385545 1289.79994652874 1244.82979081578 1266.04597123876 1271.52863566573 1181.55171348844 1099.46630302507 899.557613208556 952.02624740905 1423.34370229438 -9999 -9999 -9999 -9999
2432.36056385693 2382.72224126462 2398.83774515087 2397.09850652966 2374.01135469135 2403.21106288831 2392.65053222907 2393.20635756294 2400.58612165768 2418.31103249391 2403.47530276763 2406.98820914882 2414.74436785328 2408.4080637781 2383.91241395216 2367.23129528552 2333.8109276739 2314.20083968786 2346.53855769012 2214.85271856191 2164.60932660998 2203.45422871074 2145.54508448319 2154.17548758925 2105.87802728742 2104.09617828447 2057.47502331025 2041.99855994721 1865.22614689072 1602.60690444972 1682.00758611598 1669.69206883069 1567.8627558147 1523.09840330097 1527.56705447106 1520.95093854886 1439.34189765329 1513.5057360471 1433.80544887922 1389.088799316 1247.13395491711 1141.56528951541 1095.06111421235 1062.05377635851 1094.9088496545 1337.43150565102 1409.43411655853 1356.77655195644 1281.22346635341 1222.2699269561 1136.19418890063 990.830597903444 904.687692545501 979.20466840243 1395.94113673481 1872.03059609048 -9999 -9999 -9999
2405.53171104371 2383.79738385074 2330.14025504865 2337.30490847093 2418.70963270415 2411.29252466277 2343.01433363924 2307.64569481418 2268.63811339644 2313.87820654364 2422.69892585218 2386.38104022704 2370.88526785138 2399.80579812376 2416.52116459548 2392.81938572889 2336.20180583438 2255.33212018742 2295.55291632872 2198.65963640963 2168.19667957225 2163.9501710001 2147.75446912816 2135.14033551412 2114.26127082711 2211.74458903875 2101.79961598946 2136.38695061092 1882.96695319671 1694.610325347 1622.87575728797 1727.96060822495 1608.76250643848 1588.81318619177 1491.52547898015 1425.77314414096 1361.58147971922 1293.61165838731 1268.56889927864 1174.8749820936 1261.9342693851 1175.62863278849 1061.01227968745 1231.38932616645 1316.39420207469 1563.64845217329 1401.04874653153 1396.93590302881 1394.73940151849 1354.71494415969 1065.3521316586 888.274399421406 839.383516271563 1157.12731055507 1546.72341828805 1960.26944347188 -9999 -9999 -9999
2283.45508792499 2310.20899085523 2295.83729524349 2332.4104455211 2330.41388472183 2409.96634872011 2396.53340772217 2330.624399485 2305.50179634581 2324.77132529737 2317.19174307245 2391.62477065817 2402.87463830772 2407.74745464944 2385.04310493492 2344.83780316168 2348.24766236682 2266.89586320472 2216.99424816233 2130.25567580948 2144.85703800494 2129.1061014337 2170.06223041079 2223.19524639557 2164.16460247567 2188.79462329183 2071.04104874994 2122.36239391741 1890.93060862161 1732.06637265094 1639.19063278915 1686.97170039971 1657.94347255437 1465.18562566442 1440.24624450303 1492.7890699017 1375.71402574419 1331.08478936264 1151.626708373 1163.63013825098 1213.64735214389 1013.3442009026 938.51947966688 1084.29944914669 1148.14845874099 1215.582098151 1247.58283067535 1291.24316194422 1323.12219866857 1244.34163762258 1023.0817721327 813.131375490541 790.31769844909 1413.70976689821 1569.23228187191 2012.98916419524 -9999 -9999 -9999
2218.70579949867 2230.9453670405 2244.38219494227 2308.19255053311 2283.57615093783 2305.56932129773 2326.22920325661 2343.25236426358 2278.7687500797 2298.81783808718 2287.33325903035 2313.07194099349 2432.94419874499 2425.45043408898 2406.98701852361 2359.5625484761 2299.54871958801 2242.75972236999 2127.18930693196 2152.18942855297 2046.32180282999 1942.59729115074 2105.87629493617 2272.66380569738 2228.81701944314 2148.13087094259 2021.98543772109 1989.05270022548 1757.8014048546 1726.88090074238 1764.63600159559 1693.00561579344 1526.66441662645 1364.22194843228 1392.95235865956 1324.01745259699 1313.64631290424 1170.74846166241 1112.16556070665 1014.26424585805 926.306007446704 946.221915645744 971.106057559382 975.190030222838 969.134532814455 1011.48032395338 1087.67512469842 1139.20873232949 1114.62002850107 1107.14336279767 1083.63274770207 837.168204768439 893.552419290497 1265.92263067556 1718.76888132398 2147.82889709909 -9999 -9999 -9999
2172.18086283732 2157.08203242096 2139.75074003737 2204.40632224166 2276.01015229642 2304.96945426925 2327.28444713482 2262.1412401192 2279.43908369948 2243.02002994685 2243.1100024857 2324.11429259186 2368.98708022255 2398.90866529588 2366.1663166194 2360.43687011609 2320.37606904068 2223.19838401558 2170.56090357613 2088.313803323 1940.54427128151 1813.09076355369 1959.85949932871 2245.75130823843 2286.29015405393 2089.33530353857 2032.21815877632 1981.38179025572 1866.62705152289 1803.55020505604 1641.0363623664 1564.10214868977 1400.4949127487 1584.54736695518 1363.83305904701 1299.80068254893 1275.47106147786 1200.37601153915 1097.03090168273 964.4874583287 899.39778909349 922.307915164064 886.199191565352 946.387164967599 845.649631895513 947.350586336451 967.714056203225 967.84118666788 913.767008441507 948.844704480593 1062.06131491682 1062.65201979517 987.513962088796 1241.21812020432 1898.87537262152 2177.59619140625 -9999 -9999 -9999
