old_/ele.asc
NCOLS 265 
NROWS 340 
XLLCORNER -3110163.8955 
YLLCORNER -3147031.214 
CELLSIZE 25000 
NODATA_value -9999 
[rows 112 to 139 of 340, columns 189 to 251 of 265]
0.111443757638136 0.0727000909095051 0.053352510203759 0.0621463600600608 0.0813264332807576 0.0864073764170721 0.111294646218921 0.109948523173884 0.0987649545778523 0.0783488611389245 0.0892359376341322 0.0696934982061519 0.06259028867274 0.0777539507938123 0.0896053719504738 0.0969794140039585 0.0831451537694482 0.0802051665487681 0.0824045543991598 0.0762608657940057 0.0924403201475991 0.0793224010417834 0.0589905833581741 0.0765162110040252 0.0659068006509181 0.0651278961493121 0.0818880018033616 0.058141561651464 0.073296927398081 0.0830934549622771 0.085490459549022 0.092112440282853 0.089156435364789 0.121124297867669 0.13696322680595 0.1435975236919 0.141997373030633 0.14452046464342 0.117997078336266 0.0865762796582546 0.0799430267978925 0.0446623873602468 0.0211190562450864 0.00217716811063036 0.00018294454788176 0 0 0 0 0 0 0 0 0 0 0 0 0 0 0 0 0 0
0.0799864906438782 0.0578546444377131 0.0721938166618712 0.0911028898717593 0.102708188974929 0.110055415761584 0.108104215683761 0.107466567285852 0.113428634519939 0.088976098089364 0.0836354103196983 0.0968628292856703 0.0840051405363402 0.0818608850532071 0.0925305585731183 0.0813312346818556 0.066744717721833 0.0667323289903953 0.0779340647482561 0.0747813140456659 0.0660468675703901 0.0653385269158506 0.0660508482668818 0.0800314228253159 0.0688360963796185 0.054751778059321 0.0655533505338131 0.0506720498784732 0.072661623870476 0.0940198192011201 0.099156101276601 0.0810955584672641 0.110162051530155 0.109425125790009 0.104314212978004 0.12927031030629 0.145327479673548 0.124555267431788 0.101758203852573 0.0870780763202133 0.0843937190438039 0.0537311676766284 0.0290379163518213 0.0116650800362298 0 0 0 0 0 0 0 0 0 0 0 0 0 0 0 0 0 0 0
0.0651288955107034 0.0691659526350491 0.0878457310273864 0.108082620544869 0.109280748775598 0.104479459338118 0.0886413231893202 0.0935769513631021 0.111006740809828 0.0963660629288154 0.0839099946322569 0.0849280424066891 0.0833504304154601 0.0827454594601403 0.085103544782869 0.0711160026098183 0.0778554613458627 0.0717712487010535 0.0776260771999194 0.0632725956838843 0.0754046419856487 0.0764923826553204 0.0772553420388616 0.0784711907894566 0.0718936565139291 0.068854040220466 0.0789052374487132 0.0633451805858317 0.0542065510495238 0.0789504543644021 0.0805320079709511 0.0918619913853485 0.0921208929819952 0.0777897212319922 0.0975167242849686 0.14803157294168 0.14097401579987 0.136262099419106 0.1374558728907 0.0847560405868911 0.0681308431376455 0.0310689871786065 0.0110500561473611 0.00382078715409032 0 0 0 0 0 0 0 0 0 0 0 0 0 0 0 0 0 0 0
0.0856659563421774 0.0687880097893199 0.0825060649512102 0.0823442186530368 0.102923057257088 0.104008229735475 0.0831933966844338 0.0835869887479277 0.087289578038579 0.0819466458930512 0.083901681508728 0.0845266229428006 0.0821351120521956 0.0774567496488724 0.0778916281787844 0.0764631164407209 0.0998713648815608 0.0997579513212071 0.0653043643887361 0.0701684963503545 0.0783453215013709 0.0809560945144417 0.0819189038441491 0.0776639189402008 0.07765091049304 0.0740879079817509 0.0807262358114131 0.0644990856792384 0.0470767160721162 0.0626002543715305 0.0907311665153593 0.0744950723778834 0.0698209865713521 0.0657656227095642 0.0867880214466751 0.14036313242157 0.120585826317556 0.0957658542934218 0.0840658056809106 0.0649847362342491 0.0411619119322098 0.0270161691760054 0.0105447777717283 0 0 0 0 0 0 0 0 0 0 0 0 0 0 0 0 0 0 0 0
0.0761902684487919 0.0892997962687352 0.0854895550990478 0.0847790705630878 0.0955742337254165 0.0950906656385564 0.0903938401731041 0.0811111183566363 0.0831408995047545 0.0837261233023027 0.0830087381480205 0.0794503527980198 0.0861724539107926 0.0902347128078781 0.0983309749148901 0.110229516798606 0.0972128067615162 0.102870967638199 0.0882895591456239 0.0817516252631056 0.0762324593651842 0.0815845923351416 0.0825626265727492 0.0813065632964464 0.0818053842063293 0.0780429113945422 0.0721985678157484 0.0523479119354256 0.0396190347281098 0.035714002176397 0.0700273798222704 0.0787353013479922 0.0563179057690866 0.0583394910371911 0.0758127554959517 0.126731530394566 0.0903667960022686 0.0773178495815278 0.0728806180077642 0.0342036237581009 0.0136532167064818 0.0201963288442541 0 0 0 0 0 0 0 0 0 0 0 0 0 0 0 0 0 0 0 0 0
0.0841609069207976 0.112640534776928 0.0848056625089362 0.0964785273749985 0.109149905012654 0.104614736022541 0.102015402626737 0.0834825303589242 0.0815955294802008 0.0858602400128847 0.0748657461256713 0.0799881823003115 0.0875391001540111 0.0951731045788037 0.0915624062889332 0.142419751168616 0.173691220689456 0.106756797377033 0.11147798157852 0.110862073478141 0.0853057842635352 0.0834475136290562 0.0830987867507056 0.0805719656775304 0.0780912213058221 0.0689163635233226 0.0632486556746889 0.0476246508488118 0.0410869682023974 0.0342787154380633 0.0295899127788643 0.0286727139680753 0.0457972347994118 0.0461397086902859 0.0587989460410952 0.0758721030467324 0.0799074238504486 0.0608577310016598 0.0410002359162846 0.0213507992188947 0.00477993960272895 0 0 0 0 0 0 0 0 0 0 0 0 0 0 0 0 0 0 0 0 0 0
0.102267509682528 0.116318274025385 0.106290011861917 0.110327498879152 0.103344452782754 0.0987158686261624 0.101666966065662 0.0810058895102473 0.0814797598834943 0.0779934848783557 0.0824584529179968 0.0804092149293828 0.0804914584637714 0.102381693700267 0.165814801339461 0.155192025225623 0.146544489693245 0.101654605249347 0.118335867430948 0.146809772686933 0.106639096053838 0.0847336470754912 0.0956929176609289 0.0917960893637666 0.0811676073988564 0.0756274828268399 0.0701508930740035 0.0533593605748604 0.053594545483293 0.0451329804980933 0.034773717559166 0.0276183737426694 0.0306702810646408 0.0548936203805943 0.065357654357899 0.0617606512272069 0.069691895878111 0.0437994806715244 0.0231042555465562 0.0062602691361739 0 0 0 0 0 0 0 0 0 0 0 0 0 0 0 0 0 0 0 0 0 0 0
0.0949125001596745 0.10697657872078 0.0976420185215276 0.106328601727486 0.0949549534782198 0.0942919916470807 0.104129850341891 0.0845337357160551 0.0793443590772699 0.0893603274207168 0.0807778452901918 0.082010292372722 0.0826167093313957 0.11777632554625 0.17637474609521 0.130024130278672 0.102666104136003 0.1226920334885 0.156617360222728 0.139448141696984 0.10142442831392 0.0805749693447289 0.0810076202478523 0.0968012596911256 0.0968284043564028 0.0877339867913679 0.087342103133381 0.0651797791962928 0.0521605623811877 0.0526490100314892 0.0520354970486346 0.0343892118680988 0.0285520033946576 0.0299778185318718 0.0422023699671155 0.0356868770517057 0.0295532909294432 0.0172852714609453 0.0113116480639545 0 0 0 0 0 0 0 0 0 0 0 0 0 0 0 0 0 0 0 0 0 0 0 0
0.0884847919305018 0.0845101474374051 0.0822181372100188 0.0914505950566204 0.0854166631307511 0.087628087982035 0.092414119013468 0.0793208154628162 0.0766849802526189 0.0875637771224448 0.0819241016399889 0.0855677286085522 0.0986054140688109 0.113236623140216 0.14186603796153 0.119452025695491 0.108685777017216 0.130231651300545 0.130821542506603 0.0832944605945215 0.0751035048084134 0.0640284869583673 0.0741243427998502 0.0758079764269518 0.0852208050471256 0.0850483900835122 0.0838444108430733 0.0842324310480838 0.0540247510216712 0.0440666758511142 0.0531863203124993 0.0433738811283855 0.0301219889743752 0.0224542323747712 0.0130521161829192 0.0268529438707725 0.0171893760358185 0.00209703618080165 0 0 0 0 0 0 0 0 0 0 0 0 0 0 0 0 0 0 0 0 0 0 0 0 0
0.0841834120926882 0.0812788882438386 0.0791422200910453 0.0831844805942553 0.0831423455081084 0.0817233863250201 0.0751172111336407 0.0705087984446855 0.0846311148299514 0.129576382877212 0.102525076936311 0.114184475547201 0.125370534172175 0.10325324849399 0.119821320436219 0.114128265656208 0.110293542923945 0.138396087720124 0.111331416018492 0.0770031568207275 0.0626551131705871 0.0610717897452613 0.0686796321170945 0.0588796989079336 0.0712959155753789 0.0701811251518471 0.0732827855969401 0.0761159360601659 0.0608536330616529 0.0448640797045088 0.0523929334452559 0.0512223239424479 0.0372435582839623 0.0201312279866926 0.0200496376661743 0.00821165554744057 0.0079714626660023 0 0 0 0 0 0 0 0 0 0 0 0 0 0 0 0 0 0 0 0 0 0 0 0 0 0
0.0912641164542095 0.0817660685475712 0.0792255690642913 0.0847495586954088 0.0855438835107738 0.0803731039267064 0.0756720297795849 0.0777077121846339 0.150397558244122 0.180843934901398 0.138174486310379 0.115159439121316 0.135807060587608 0.141512051874069 0.119784561802697 0.132107257226198 0.126108464856736 0.133280407005168 0.104138046221905 0.0906285002772307 0.059948418213023 0.0570737412133243 0.0544540744421732 0.0547287983303451 0.0655273727206632 0.082897317727425 0.0471925917462888 0.050787718980738 0.0682903501485397 0.0552906962513965 0.0489298335749517 0.0316634257581457 0.0159648177669528 0.00860260823608672 0.0104075854120125 0.000374056188307021 0 0 0 0 0 0 0 0 0 0 0 0 0 0 0 0 0 0 0 0 0 0 0 0 0 0 0
0.0823531514922889 0.0803086255763803 0.0850987768799183 0.0980075614697701 0.0903333369362452 0.079936511408263 0.0842487167306452 0.108019454205308 0.175272925037668 0.188389627044135 0.120223320534659 0.1279289998284 0.139549875570016 0.145706969017072 0.13293284139592 0.162977508272032 0.140732192675268 0.126110765062844 0.0960904290076446 0.0889749647353838 0.0802174547857642 0.0772487373208396 0.0746068054478528 0.0552907074174456 0.043325680086084 0.044556552755696 0.0310160014842806 0.0440099523218638 0.0534246037995474 0.0440592448454614 0.0284911065545691 0.0100794717581141 0.00230566229259399 0.00719916637180853 0 0 0 0 0 0 0 0 0 0 0 0 0 0 0 0 0 0 0 0 0 0 0 0 0 0 0 0 0
0.108509375774086 0.105773704919198 0.122619029859712 0.104635225722575 0.108924015840068 0.0826783682543329 0.0843449289924142 0.088224338253035 0.151723336747762 0.15533335390864 0.16026542011277 0.139387510050561 0.134258162091549 0.142420555124149 0.185926608775318 0.160613008054116 0.116584919277058 0.109342809676302 0.105860208301305 0.0837088103432274 0.0860441839221578 0.0729318255087766 0.0782124622665704 0.0536534408090866 0.0484902653044325 0.0691595824040575 0.0427392922279207 0.028839523575058 0.0468143641663084 0.0318017786890862 0.0198798188089685 0.00566981858084608 0.000278937654129163 0 0 0 0 0 0 0 0 0 0 0 0 0 0 0 0 0 0 0 0 0 0 0 0 0 0 0 0 0 0
0.138310086810225 0.137975518482089 0.148643327271806 0.110262289152612 0.101535441173725 0.0803557463034348 0.108861251478273 0.0936089755918207 0.140993869035108 0.164022840287355 0.176121064626501 0.144396130687081 0.146353092446221 0.161261632678255 0.165354145985283 0.141495849936876 0.117472173535767 0.106349370578747 0.109032114361067 0.0733370358463226 0.0822547116037314 0.0642911347644754 0.079314428482751 0.0759328072724745 0.0557617751123774 0.05568996625084 0.0418744286890996 0.0293508169617466 0.0284059682219603 0.0228382593214848 0.017308626648321 0.000905172103598335 0 0 0 0 0 0 0 0 0 0 0 0 0 0 0 0 0 0 0 0 0 0 0 0 0 0 0 0 0 0 0
0.128541658608501 0.139407039470376 0.138786497459635 0.13466015102394 0.11032775569828 0.102985341478773 0.0993572576505078 0.121635635918554 0.0989241154412255 0.172507809311395 0.221041946022604 0.183672663609194 0.160556005373639 0.159781907856155 0.129226327239023 0.126188458432238 0.108249128668527 0.0836588590227349 0.0841826304692537 0.0666980380537166 0.0924440607740359 0.052309964117678 0.0476681258608466 0.0555146034502734 0.0548374663198462 0.0449641777513525 0.0369084204873239 0.0309316336090573 0.0178897301737643 0.0135354274506508 0.00369338288319714 0 0 0 0 0 0 0 0 0 0 0 0 0 0 0 0 0 0 0 0 0 0 0 0 0 0 0 0 0 0 0 0
0.140449736298119 0.146124244270633 0.135472615086011 0.0954957698986364 0.0842185460660714 0.0848719050950146 0.0878169672849948 0.166477070875558 0.0903232986581357 0.122582851860742 0.21389487066544 0.199572179529702 0.151112386373168 0.156074667906068 0.111075847487492 0.112072037720879 0.106759722881888 0.0883491467664596 0.062267483777294 0.0556814688875015 0.0645964033798648 0.0489338254374925 0.0434421280202711 0.039852003175803 0.0498327147193271 0.0541640809819048 0.0301655477317779 0.0275149454216921 0.0143403921150185 0.00174161839648791 0.00018294454788176 0 0 0 0 0 0 0 0 0 0 0 0 0 0 0 0 0 0 0 0 0 0 0 0 0 0 0 0 0 0 0 0
0.142130036859575 0.13068877818322 0.0998656032002433 0.0845935354918229 0.0806103936353878 0.0821286692418851 0.0994782641242258 0.158514963265038 0.0928956325473001 0.115280412096887 0.186829595997159 0.187411481146037 0.170056001755839 0.11492065316206 0.101213948289044 0.110633828269203 0.101953218899494 0.0748428501420634 0.0720921721172321 0.0458785180535808 0.0434522444607241 0.0516861839527081 0.0373627391086581 0.0291496689623766 0.0417455194441559 0.0384713798306673 0.0284070373711583 0.0231766715620115 0.0176207093451523 0 0 0 0 0 0 0 0 0 0 0 0 0 0 0 0 0 0 0 0 0 0 0 0 0 0 0 0 0 0 0 0 0 0
0.137998051569102 0.126370252877067 0.0983718314884192 0.0825414557437218 0.080897355513335 0.0885570139358545 0.114876290449124 0.139169749761694 0.101953218899494 0.14138819805784 0.199761756710728 0.205023266026474 0.186844848820182 0.119843942851625 0.0843549002742292 0.0976846169987107 0.0839744004032641 0.0693113792580723 0.0500605188693277 0.0400471633813619 0.0353742193033475 0.0330574455706472 0.0278163477925927 0.0235781929160977 0.0265806011425637 0.0236109038568337 0.020207546536296 0.00974526772232877 0.011902483499036 0 0 0 0 0 0 0 0 0 0 0 0 0 0 0 0 0 0 0 0 0 0 0 0 0 0 0 0 0 0 0 0 0 0
0.110192534844103 0.102474941376009 0.0858393706671822 0.081984973356467 0.0820331381091091 0.0841328410564726 0.106728871088321 0.156100182328182 0.103058255779167 0.13072996973822 0.204441581866479 0.203787005738188 0.186366003972076 0.135729289055869 0.0682901324105829 0.0776375056511374 0.0636023681939469 0.0482917943653258 0.048690159914795 0.0551084942457776 0.0521174670148211 0.0449795254857924 0.0321223531662315 0.0215152123125969 0.0200912995909921 0.00682675979278135 0.00865240881491684 0.00223750176311915 0 0 0 0 0 0 0 0 0 0 0 0 0 0 0 0 0 0 0 0 0 0 0 0 0 0 0 0 0 0 0 0 0 0 0
0.103329479110957 0.102507043767071 0.114224997139258 0.0941592496557954 0.0810273618225994 0.0861350699785228 0.140610091928742 0.14649236657621 0.132382478003553 0.133060848982402 0.16676129148846 0.161481559180641 0.169561234121767 0.1908873158953 0.117226665614974 0.073664865463848 0.0668724294080145 0.0712663869586264 0.100888781774221 0.103696350819039 0.0667824533846483 0.0482972880614658 0.0288285082676554 0.0166091364834217 0 0.00489465784612809 0.00143065151945027 0 0 0 0 0 0 0 0 0 0 0 0 0 0 0 0 0 0 0 0 0 0 0 0 0 0 0 0 0 0 0 0 0 0 0 0
0.114240462117213 0.128243804249691 0.101620079825638 0.0976581422963775 0.0809147466347538 0.0880922606416691 0.129676118027461 0.143201597924151 0.160355920940442 0.14693425180191 0.194019526650635 0.141744562513751 0.161891732826996 0.211517864472571 0.115293353547753 0.0899622277125437 0.0891732011874602 0.109990786669595 0.116421314326157 0.0984575532470915 0.0642950987118935 0.0484830017895157 0.0287871045577222 0.0119523929468445 0.00018294454788176 0 0 0 0 0 0 0 0 0 0 0 0 0 0 0 0 0 0 0 0 0 0 0 0 0 0 0 0 0 0 0 0 0 0 0 0 0 0
0.122351290335231 0.11796406032918 0.0907298880027413 0.081429233511475 0.0825462738938934 0.0858955135618812 0.105183757882896 0.143420485983973 0.166121007902972 0.143083874268858 0.144105880407684 0.103152128753657 0.126071750887411 0.160159711126271 0.0850049039054284 0.075865157764214 0.12407263729305 0.153648017459056 0.124624206618716 0.11800419110952 0.090183538805013 0.0464063371928856 0.0218751792150875 0.0041864860780807 0 0 0 0 0 0 0 0 0 0 0 0 0 0 0 0 0 0 0 0 0 0 0 0 0 0 0 0 0 0 0 0 0 0 0 0 0 0 0
0.105123327225356 0.10096117127031 0.0848750985850472 0.0806794277337324 0.0830905015422994 0.0858508047014248 0.0906224929428337 0.117364097346866 0.163742985599638 0.150649899786943 0.100013754339238 0.0827116654126449 0.0919230417586116 0.114590461925157 0.0783689488611925 0.073633885260717 0.0673859504214916 0.099962033199969 0.0713348180903216 0.0780312205411711 0.0488161129482488 0.0341332553168929 0.0147938732826728 0.00199927602548101 0 0 0 0 0 0 0 0 0 0 0 0 0 0 0 0 0 0 0 0 0 0 0 0 0 0 0 0 0 0 0 0 0 0 0 0 0 0 0
0.0934875671403364 0.0870258247936135 0.0846708492155493 0.0907445043609675 0.0924748064901365 0.109651338778018 0.106391600576311 0.154879554508587 0.122564249222999 0.105739905288679 0.0973262649860661 0.0793539227982941 0.0847847596650864 0.0678156981518581 0.0598895452193276 0.0643412926568756 0.0676256129155992 0.0695133451705364 0.0432430457399781 0.0545145497639095 0.0559291541878624 0.0304129901705717 0.0105307922952743 0 0 0 0 0 0 0 0 0 0 0 0 0 0 0 0 0 0 0 0 0 0 0 0 0 0 0 0 0 0 0 0 0 0 0 0 0 0 0 0
0.116979538617066 0.0879002995091673 0.0950358850018433 0.1037123406013 0.0957939145747223 0.108628104373795 0.115733854183369 0.18079577573178 0.129630716871963 0.108192170652246 0.0974273847263992 0.107001825157716 0.106541638777598 0.075418694458397 0.0828213662616845 0.0834691311000461 0.110022118603272 0.0896461950258557 0.0399306875320521 0.0518754875655324 0.0465745704711242 0.0230723150632056 0.00171656021216029 0 0 0 0 0 0 0 0 0 0 0 0 0 0 0 0 0 0 0 0 0 0 0 0 0 0 0 0 0 0 0 0 0 0 0 0 0 0 0 0
0.116298632945079 0.0871168727576899 0.0869894793039067 0.0875099288508286 0.0936368572163361 0.100995004398977 0.109263698218676 0.147277049508207 0.124572105833778 0.113964828196043 0.12590968685128 0.125272261774353 0.115236049383951 0.088457440693317 0.0880642506075894 0.108989426555491 0.106573104703863 0.13579054600104 0.0850403951923816 0.0338506398235443 0.0255267075591204 0.0131836955093456 0.00277692905724422 0 0 0 0 0 0 0 0 0 0 0 0 0 0 0 0 0 0 0 0 0 0 0 0 0 0 0 0 0 0 0 0 0 0 0 0 0 0 0 0
0.132832972253083 0.0835939396134707 0.0893110683952663 0.0922489229005751 0.102234190192118 0.104201179063319 0.109392364602052 0.136595763297268 0.141493527398671 0.118757944085607 0.135490357937976 0.135500787027802 0.127151228680774 0.115823584553656 0.137663617233555 0.155539825321902 0.144569204447589 0.131696770930469 0.0607270826445742 0.0464457003073522 0.0335186927254262 0.0193582149717244 0.00209477243882323 0 0 0 0 0 0 0 0 0 0 0 0 0 0 0 0 0 0 0 0 0 0 0 0 0 0 0 0 0 0 0 0 0 0 0 0 0 0 0 0
0.106582729838158 0.0928923553118995 0.0928071583575331 0.0890162623678509 0.0956999969360361 0.158785069991922 0.167315339677019 0.186078880186418 0.176099782136983 0.154474550742949 0.120525172339034 0.118270077069857 0.137615402233692 0.140530902308773 0.164002294757075 0.155685285443072 0.144840919085538 0.0922190648853752 0.0653873281332894 0.0582751131813065 0.0291123966905974 0.0220183293598576 0.000235919272436824 0 0 0 0 0 0 0 0 0 0 0 0 0 0 0 0 0 0 0 0 0 0 0 0 0 0 0 0 0 0 0 0 0 0 0 0 0 0 0 0
