old_/ele.asc
NCOLS 265 
NROWS 340 
XLLCORNER -3110163.8955 
YLLCORNER -3147031.214 
CELLSIZE 25000 
NODATA_value -9999 
[rows 168 to 195 of 340, columns 63 to 125 of 265]
0 0 0 0 0 0 0 0 0 0 0 0 0 0 0 0 0 0 0 0 0 0.278991976434455 0.29549512896742 0.216566548893136 0.226311852207247 0.436942641077894 0.607008759274185 0.591901050224978 0.695575850569321 0.806691572018024 0.847571370929093 0.91829703637872 0.80429908968115 0.846779385401007 0.842599709914978 0.776033174421101 0.67572158805515 0.697100998879018 0.670798968328529 0.6360286954955 0.68348221547634 0.694918259607782 0.478988398832335 0.28695319076105 0.199586673061389 0.123491946911422 0.116170134052439 0.0911214422622808 0.0601270861641129 0.050291455096091 0.0468437029602268 0.0440384955347863 0.0417954540155748 0.0396640897360873 0.0384905910180837 0.0359748243334829 0.0345738229488035 0.0304125267795355 0.0276345756798628 0.0260220614107687 0.0232538359398316 0.0225155842313591 0.0209492485539296
0 0 0 0 0 0 0 0 0 0 0 0 0 0 0 0 0 0 0 0 0 0.302407002667078 0.295840271544021 0.225791290999834 0.246101284640546 0.431768249276954 0.549753815416633 0.488689462260049 0.539733358321462 0.665947989972709 0.902839651336991 0.849321314138567 0.928423213626439 0.84016488592005 0.875101130906382 0.782377991485039 0.729441852084867 0.697783959104033 0.68588358598827 0.6719577809005 0.714561349802035 0.696417949325611 0.487505637738173 0.271927552172471 0.128555370516753 0.121661295499305 0.0919695986001884 0.0713570999412309 0.0528590322483537 0.0439811076256165 0.0405912514541546 0.0381731821158484 0.0361893492596329 0.0349886360885455 0.0390332219214734 0.0360596583912546 0.0348920023084243 0.0305567251371615 0.02794548315003 0.0252628454451765 0.0229960341990178 0.0221924276053675 0.0208281025045984
0 0 0 0 0 0 0 0 0 0 0 0 0 0 0 0 0 0 0 0 0 0.0797468169837214 0.280047704041458 0.237334484538104 0.254650369118317 0.385173666454393 0.470756787461581 0.466557102415627 0.530863674242935 0.68857969553132 0.906987972557246 0.859411581372493 0.856566561399111 0.844203869187859 0.826807611386476 0.783168905072415 0.740455908890042 0.688089952619327 0.67356613860783 0.68480012191539 0.735252708682514 0.66292248198224 0.412074063242179 0.225916529406148 0.115954171497472 0.113607693282746 0.0837570532582129 0.0628998338849213 0.049420123623349 0.041262760895853 0.0373310442783869 0.0342085954414471 0.0332323393971531 0.0325879383310723 0.037509190216683 0.035853608496345 0.0341600035874282 0.0305445206455334 0.0279413684609495 0.025963836047919 0.023769299845846 0.0217490600866539 0.0211959079735327
0 0 0 0 0 0 0 0 0 0 0 0 0 0 0 0 0 0 0 0 0 0.139608865807226 0.249847561098164 0.266604651918966 0.266903611716634 0.373019690032265 0.477148591259985 0.489876279283075 0.624781134272276 0.663286003875602 0.889299878897498 0.903065741498461 0.901408699817207 0.848444466637587 0.834977586166391 0.857520320646052 0.754340399596271 0.704504982693071 0.647015015834797 0.676932791729334 0.717416151234398 0.620681229040768 0.323654564783585 0.166933840444662 0.108607871492889 0.0900274151069855 0.0711244943901323 0.0583058142332109 0.0446489908928811 0.0379566528838912 0.035947975568506 0.0326317678651649 0.0304816892874444 0.0280969617716464 0.0361249295310644 0.0338176832297288 0.0321907926724634 0.0299056635228134 0.0277675465751539 0.0258510254542148 0.0243797086670605 0.0219090723612683 0.0214948887075423
0 0 0 0 0 0 0 0 0 0 0 0 0 0 0 0 0 0 0 0 0 0.18630899012555 0.275020413770901 0.266813323043894 0.271957454851867 0.37756270875487 0.491997337299276 0.532708930847229 0.539013014164178 0.518423578979564 0.773406205053861 0.911246078371908 0.859104470359008 0.82435197387609 0.817610360092576 0.840391958693837 0.786345601367225 0.711083840145412 0.656107306267485 0.696098912971724 0.689444081721544 0.738776445782266 0.400311523836076 0.139506126989779 0.0761112798177058 0.0683885332179687 0.0581388259694431 0.0475816448108378 0.040087863630204 0.0351341408739122 0.0366017365752155 0.0356182505141519 0.0351374125262882 0.0340365154593056 0.0367431071309159 0.0343186508125445 0.0326010751877973 0.0303978657571131 0.027357819570761 0.0250781813257388 0.0235990985514597 0.0216073838603604 0.0210352034038763
0 0 0 0 0 0 0 0 0 0 0 0 0 0 0 0 0 0 0 0 0.00018294454788176 0.12473331008413 0.239121878676143 0.256160242272893 0.268147062940517 0.324893884569315 0.52894163988527 0.591689386598901 0.442859887791033 0.426356869250657 0.614611320104811 0.896994001330457 0.807022712369097 0.790877588033354 0.790123388415304 0.739927174134714 0.717565150993122 0.689315002194352 0.751764526069553 0.717481316296741 0.634589481099407 0.694898071391073 0.44934803226077 0.183614053017652 0.0733504574372988 0.0570019491008606 0.0475111535430901 0.0418839170392926 0.0411298067496355 0.0411493724591097 0.0412076257370821 0.0410313277799063 0.0402475939620796 0.0391232063193763 0.0354204997852099 0.0338612726937665 0.0321464746237242 0.0301893537483846 0.027067326429797 0.0238436238599352 0.0227521621044126 0.0223779543020956 0.0209960971085382
0 0 0 0 0 0 0 0 0 0 0 0 0 0 0 0 0 0 0 0.0283984311388414 0.0207876423258112 0.142318776586921 0.226334541618947 0.221208141496888 0.304400477406661 0.353622208253247 0.485056431872049 0.469081344131469 0.418875437720289 0.41612939360582 0.53902601144529 0.841550279959649 0.824429957562761 0.783863165339083 0.773248987083025 0.729079491460608 0.703034012053437 0.655101959873865 0.737374347333266 0.721990211573404 0.617653443176289 0.545543455627774 0.420317197975568 0.177367887997203 0.0646632545156172 0.0548369582646137 0.0520042265282279 0.0378851929613872 0.0361312523063474 0.0387735861571006 0.0406897778795923 0.0396992879142526 0.0381922676852128 0.03644143956635 0.0325928067284646 0.0305986341108149 0.0287780321428568 0.0273071899127878 0.0256582492001312 0.0250662141126533 0.0254510938663642 0.0213109908582216 0.0201506080606011
0 0 0 0 0 0 0 0 0 0 0 0 0 0 0 0 0 0 0 0.0319495669314866 0.0394057352758447 0.18757231691677 0.196878102207582 0.21476586715671 0.307475116013017 0.338282133722996 0.43331179923551 0.492811520932903 0.424444705680366 0.414999076791063 0.543280410131662 0.840495490300768 0.831575335680467 0.804720362380277 0.767057546869044 0.720083765020234 0.728726465653367 0.639581910964783 0.709659945568637 0.715350298164775 0.522291364383108 0.43066906340699 0.345711844114094 0.0929112371008685 0.0693103575645829 0.0676675302637894 0.056178240827381 0.0365802363477408 0.0316359684434947 0.0339327577398809 0.0376148517474733 0.0362416231183309 0.0350464120179203 0.0334524166412006 0.0300032715407156 0.0272794283232998 0.0255728261332714 0.0241617110996513 0.0226926233350416 0.0210069686530592 0.0208236123571181 0.0200987836353779 0.0188096911859407
0 0 0 0 0 0 0 0 0 0 0 0 0 0 0 0 0 0 0 0 0 0.112645659993449 0.191456181430968 0.174210397306785 0.273973953984622 0.344486593550186 0.423969255311176 0.52514629980806 0.489151558034557 0.454176767846853 0.615325857916581 0.815051280303652 0.863968669316921 0.763179354707772 0.789903193927742 0.724208950186826 0.748656344651806 0.648360792732313 0.701014967061495 0.64115435865832 0.565143489536831 0.299215857504778 0.142891840557038 0.072847968480298 0.0855499522584406 0.0773413820299323 0.0519741284429731 0.0348702285127475 0.0318758961312677 0.0346360457572185 0.0360822501000255 0.034421652032145 0.0332545151705962 0.0319812394296596 0.0281650020916243 0.0265993238153336 0.0249069276312281 0.0237446145028754 0.0219204114840939 0.0231351701491489 0.0223807192949953 0.0205906732203037 0.0187066201785335
0 0 0 0 0 0 0 0 0 0 0 0 0 0 0 0 0 0 0 0 0.136448851589719 0.16245181068205 0.192785432575867 0.152132181634279 0.233569426785958 0.411864677490112 0.462841309271957 0.506805617576755 0.470566473321316 0.563107606142899 0.78732115674194 0.721992042805451 0.765688946567239 0.709103742332609 0.751176030619629 0.756501789381695 0.824936628205136 0.692448463547182 0.804824608614348 0.768130202206429 0.335909102643593 0.232542328928759 0.124864098016829 0.0862597110012114 0.18523305196974 0.102432722544494 0.0573803162564543 0.0354247707989773 0.0319082023027252 0.0327534833829984 0.0364285986099252 0.0339504587191613 0.0329941954857182 0.0319572128835839 0.0298191182680225 0.0284605506613026 0.0272909796010576 0.0249874739261588 0.0235640399489077 0.0231056652602507 0.0222735098706534 0.0220509844703483 0.0208685543088488
0 0 0 0 0 0 0 0 0 0 0 0 0 0 0 0 0 0 0 0 0 0.231671868407844 0.208370177573232 0.203236720508164 0.264416999586142 0.411801700973385 0.511526935770831 0.573344505933147 0.546539154555002 0.581367312186385 0.807892324270283 0.712057474959688 0.691299387769996 0.745800337286144 0.730783653868915 0.914649222141757 0.82272128407063 0.748246818636297 0.725344626705134 0.688638384285206 0.296346026570373 0.260380763166402 0.129788950953263 0.13413873003075 0.278114257981648 0.128346654727629 0.0542543138243995 0.0392721949120513 0.0344041771653582 0.0335210571363158 0.035318732414031 0.0338769107454821 0.0327248703822692 0.0315817042365509 0.0305669336975192 0.0285614694127525 0.0271633795753668 0.0239206026021897 0.0235421572842525 0.0230060948092254 0.0218807873632304 0.0221592951462793 0.0216859439943137
0 0 0 0 0 0 0 0 0 0 0 0 0 0 0 0 0 0 0 0 0 0.302868785792212 0.316280126335359 0.246819283927526 0.314769851203017 0.439910308934206 0.55561603583998 0.576172642840343 0.684245035284268 0.706093062855298 0.775852999053387 0.677710306057832 0.653492485561629 0.779444536403062 0.738340880540337 0.792991812427527 0.801736168771348 0.799813017808776 0.701099963026978 0.557477416219124 0.284142696211377 0.157537543160129 0.117266963886049 0.192732483171201 0.222861922691815 0.0859745803553108 0.0588152484727301 0.0461552825372193 0.0378078764461485 0.0359756087484297 0.0362662107583721 0.0342098934946509 0.0315573594580768 0.0302536366928521 0.0290372743040001 0.0265502490296927 0.0262163283324024 0.0246649928461357 0.0248764861899645 0.0231782738900523 0.0209880128890151 0.0202503111084591 0.0219855444440464
0 0 0 0 0 0 0 0 0 0 0 0 0 0 0 0 0 0 0 0 0 0.31842566033111 0.458594592827341 0.35337758245033 0.336727194394393 0.46264934255643 0.556888474127237 0.599978927432204 0.772038944677944 0.796999798743132 0.810470877648777 0.6377735469866 0.635019731301982 0.715587465046917 0.777552739706265 0.746614342262987 0.853765669651634 0.737028825110997 0.668108888451974 0.495685215320284 0.233835044761118 0.17227079875394 0.170845218103757 0.219131457359672 0.118064096962754 0.078286895149638 0.0611296354624428 0.048074944109458 0.0402020197328206 0.0376313049207706 0.0378797215973453 0.035351390316034 0.0325287387304417 0.0299279732888454 0.0258207989593957 0.0257984417376552 0.0237570116088499 0.0242470001739224 0.0233832574272762 0.02285345352275 0.0212741945392839 0.0182443959944613 0.0208073029467025
0 0 0 0 0 0 0 0 0 0 0 0 0 0 0 0 0 0 0 0 0 0.398310701836208 0.442912680871013 0.387206557347175 0.401842121177716 0.508656814519151 0.62984918062192 0.665332026042085 0.851883252436052 0.787575564003838 0.754964537074811 0.653783383471871 0.659724034223851 0.744763993940319 0.774182200799686 0.748491355110821 0.89525316961702 0.706085961248093 0.652769193567391 0.547434046391271 0.249332806236265 0.202340846059577 0.18944066491053 0.17128646686466 0.105847746990549 0.0726280363948883 0.0603737665200579 0.0518532559618439 0.0446144989673191 0.0402931319016791 0.0391012399093531 0.0358445249154306 0.0332166985539252 0.0308931470294424 0.0287271735808778 0.0268043464337292 0.0242742620827147 0.0226602613333388 0.0217198231829332 0.0206033229581383 0.0191258355331194 0.0171075665815873 0.0157512754531205
0 0 0 0 0 0 0 0 0 0 0 0 0 0 0 0 0 0 0 0 0 0.310712332293759 0.401292930220501 0.395856984886261 0.429768186568422 0.520130689224825 0.661938172425058 0.728258116891383 0.804787626659844 0.817364974998323 0.745031175162348 0.728763983578226 0.67296611979527 0.703983260216555 0.791226683391324 0.797654754517091 0.907739670980305 0.603137222078155 0.591294957081727 0.573561797247953 0.278240903310144 0.191691338424278 0.203824545995145 0.154666037318365 0.0909309662143047 0.0708947417645698 0.0591118019868242 0.0519697513517396 0.0449926930491523 0.0401878304759712 0.0405046057049221 0.0371294245134439 0.0337353364093863 0.0311628015313388 0.0290000662370031 0.0268888929657375 0.0239117395507443 0.0231987077598413 0.021760750940025 0.0208780063693824 0.0193414240254429 0.0177805960017147 0.0160261277508567
0 0 0 0 0 0 0 0 0 0 0 0 0 0 0 0 0 0 0 0 0 0.22242964026831 0.31294529645369 0.351540298405068 0.436609222852811 0.567655850576467 0.688741156600801 0.74490312291167 0.834536035922162 0.80670702582993 0.739043493011706 0.812777247415261 0.755742051403309 0.711832501403126 0.779625962368271 0.817178903956703 0.695443823205176 0.457140817903268 0.567832631465265 0.469368802898599 0.287984576381091 0.228338735765632 0.138331894104049 0.105014257258088 0.0910439889629411 0.0704879235159584 0.0572585337423264 0.0507332398273497 0.0448544657362638 0.0402781889365178 0.0387430581789567 0.0363682768213635 0.0338203882051148 0.030769912928936 0.027871067016036 0.026464608224876 0.0244486171473532 0.0236657989455498 0.021092915128469 0.0192316826994754 0.0182470577014072 0.0171309985355503 0.0151446002795621
0 0 0 0 0 0 0 0 0 0 0 0 0 0 0 0 0 0 0 0 0 0.134461272524043 0.220782134392959 0.297897750076845 0.375209307589724 0.494563563359602 0.700969320252917 0.744876860364269 0.909694980164184 0.833240416917047 0.812715521496029 0.82285911778029 0.693297172604519 0.788120467198212 0.770547339179638 0.822611946118186 0.60454106243081 0.410738871759177 0.503591760670656 0.437536451567173 0.27859756924938 0.261549781507218 0.135861439246554 0.106108876213984 0.120711109388066 0.0678591452487702 0.0538818311766631 0.0500779490719182 0.0469853666247151 0.0412235261909507 0.0379197379256822 0.0353927549447955 0.0331544366643385 0.0301221620481357 0.027993028186949 0.0270726693842746 0.0250759285753399 0.0232327404816355 0.0206218544123179 0.0186364638922578 0.0178136782135822 0.0166106857727295 0.0147122717961054
0 0 0 0 0 0 0 0 0 0 0 0 0 0 0 0 0 0 0 0 0.106675006067631 0.140010787743323 0.206176383913421 0.303886660492884 0.386312514130635 0.506748447405542 0.670315523068209 0.775252622927257 0.807893485539386 0.732292544411174 0.825732544182493 0.955558320765573 0.69832667375279 0.793462394399324 0.826532390609121 0.797112263189315 0.658586079831534 0.501461055188063 0.422073349508323 0.376921822202733 0.374086717680921 0.266897001415587 0.165560628564594 0.107188108354268 0.0935129643189349 0.0633573404132635 0.0497664944653468 0.0446782012772352 0.0430467800955617 0.0395217533171429 0.0366973430788227 0.0350252160652826 0.0324173183098461 0.0308899814545324 0.0291021825472152 0.0270592617508597 0.0245509539870343 0.0215687186239604 0.0191811158505282 0.0181576595210801 0.0173488202376868 0.0165659448098819 0.0153686470540523
0 0 0 0 0 0 0 0 0 0 0 0 0 0 0 0 0 0 0 0 0.146904471949054 0.157832628338771 0.186290700137182 0.260211485862576 0.337533092819614 0.480761299438687 0.643802141541017 0.794360323400939 0.827830064167264 0.823075471146974 0.725396571165384 0.668642938246657 0.784556889635396 0.726037457717522 0.883925525489901 0.851505661320869 0.736696121513055 0.686577399612976 0.422397477580583 0.364717397570929 0.317723315844918 0.19783463063469 0.276461973037297 0.110617525837568 0.0842140182331755 0.0576176673784055 0.049740265416093 0.0436341477745305 0.0403799172265249 0.0379811400294909 0.035952567606184 0.0334956794983032 0.0315363812433958 0.0300931973168609 0.0276352121446595 0.0258143421915238 0.0231753051167571 0.0210946500533424 0.0190738687407707 0.017858798822098 0.0171540019923805 0.0159495230712459 0.0149419113654211
0 0 0 0 0 0 0 0 0 0 0 0 0 0 0 0 0 0 0 0 0 0.127901274528572 0.190248439231994 0.247671409795877 0.325930652225005 0.511652084848752 0.662902829735885 0.759215853931642 0.875257455593293 0.858048876744595 0.761601368653899 0.717265722221393 0.709282979752201 0.629751678681484 0.806084585590848 0.844071931152107 0.740254384036516 0.750021282489518 0.442179384096813 0.440966706504152 0.256803920337297 0.151047891273768 0.22597776401922 0.0963589501555609 0.0652470378928361 0.0510164945770073 0.0441855775245834 0.0376892902135654 0.0359899096657698 0.0353119406646872 0.0343580111354988 0.0325549789457445 0.0305740827604331 0.0285628456282997 0.0271196979914243 0.0247556555815193 0.0227348966010457 0.0206176992463096 0.0185141956549955 0.0171949437070336 0.0160022184482961 0.0145920916100183 0.0129235865836437
0 0 0 0 0 0 0 0 0 0 0 0 0 0 0 0 0 0 0 0 0 0.110675834945785 0.167473428599682 0.209820535686291 0.337722469011757 0.585540913341722 0.618325683994201 0.683271757783563 0.873848389529676 0.836903684965915 0.687192202274497 0.773765483848578 0.648905383277314 0.583397076585429 0.764402260401376 0.735012817284401 0.763975002699951 0.666919436241369 0.491320540733345 0.475491772899713 0.259201449728348 0.149506887174399 0.232647066468989 0.110576311950468 0.0566717634469826 0.0430924436532132 0.0394224061870989 0.036542548140634 0.0354197349108489 0.0347667890257211 0.0327660144815617 0.031948732269319 0.0302078531001731 0.0289939360760663 0.0291121454544935 0.0255325613603428 0.0223748292041135 0.0198224378785793 0.0187813015061928 0.0170351994175967 0.0156446522463545 0.01489616824967 0.0130396716212362
0 0 0 0 0 0 0 0 0 0 0 0 0 0 0 0 0 0 0 0 0 0.0979501791436248 0.145217672747042 0.199671646694774 0.366983949206447 0.508219507373567 0.667255355661441 0.700053346916013 0.816679468914121 0.828696281589534 0.74105128262619 0.841808885655995 0.636180107120822 0.585260958159564 0.843609031422066 0.631373390983496 0.661250611787828 0.544776124736023 0.370523631424263 0.637940144438651 0.303009009036371 0.152582798710348 0.152519297389315 0.103153223026466 0.0521607745361199 0.0405160899863855 0.0380984505409683 0.0341730036600522 0.0336294096849307 0.0339675371912063 0.0315920830791568 0.0306392171161418 0.0296481186011281 0.0285974268822542 0.0294781378362109 0.0229624746385528 0.0207934723991793 0.0191573586853862 0.0183812819857058 0.0164252023444415 0.0147803456142305 0.0137935879007908 0.0127229940952146
0 0 0 0 0 0 0 0 0 0 0 0 0 0 0 0 0 0 0 0 0 0.0682181002280643 0.201940543200595 0.2655974519612 0.491168414480883 0.70650638532749 0.764216457344933 0.733885269649812 0.815748131093704 0.870811581497553 0.929952426377995 0.710827467658879 0.743968658597514 0.753976743710321 0.717941044868848 0.596620358530223 0.634025595621622 0.543640448217715 0.471794336740705 0.526447457173512 0.253289696711348 0.109936475006943 0.0824595583568542 0.0697320545735735 0.0469117600292783 0.0356076818487118 0.0333746367349258 0.0320544161322074 0.0317843233628853 0.0321285949876588 0.0302770100250575 0.0292920863351767 0.0285106331828716 0.0296470075792461 0.027917470324438 0.0226536412619994 0.0194749643892363 0.0179467230839484 0.0167075163544654 0.0155084725077133 0.0144197492257238 0.0135402344347733 0.0117976440686081
0 0 0 0 0 0 0 0 0 0 0 0 0 0 0 0 0 0 0 0 0.0680684807536172 0.106780123253529 0.23952307481905 0.287862330475926 0.490260078721539 0.594507608054527 0.704094116751673 0.77400336535786 0.823874066976106 0.81735103976909 0.970811679758785 0.66819276781255 0.634584657366211 0.719358731122342 0.708712081995603 0.48832602969508 0.478784819425781 0.454482762255431 0.612083415924876 0.399558038845166 0.10526635314783 0.0636739928156747 0.0623556732328097 0.064549154243246 0.0487491557350302 0.032496482806205 0.0289750905767568 0.0284739471286683 0.0296389596493825 0.0287498127453572 0.0290382987890018 0.0286148431272834 0.0280373685677863 0.0279730102524876 0.029450577235606 0.0225743511475885 0.0196947666693257 0.0177584830372976 0.016530299989754 0.0160919837124862 0.015068379432888 0.0139668780034997 0.0119535165305317
0 0 0 0 0 0 0 0 0 0 0 0 0 0 0 0 0 0 0 0 0.0290881831131999 0.101138264808481 0.210130281887355 0.260939020955458 0.351807970933256 0.588070157447545 0.740411691335744 0.77292168785283 0.934820555785179 0.999295109654622 0.847381816080165 0.622741677742643 0.525359973322969 0.673998800677002 0.53526756399419 0.3494690186356 0.43408868826526 0.494096063217346 0.500827136250543 0.143871460373612 0.0644438081533418 0.0536154650762163 0.0520805799717347 0.0557578223310083 0.0481457647756531 0.0296055145409204 0.0278415049011362 0.0278457703318791 0.0279984828019172 0.0280823565794694 0.0280777784993527 0.0276339447980906 0.0276431874952042 0.0257171808155843 0.0250842863630651 0.0197330759879117 0.0153301465168761 0.0157851197478367 0.0157029055243268 0.0149163648409164 0.0141611142184985 0.0128413193214008 0.0118824055470609
0 0 0 0 0 0 0 0 0 0 0 0 0 0 0 0 0 0 0 0 0.0314601282943306 0.107681904542072 0.146419251286932 0.246613180993884 0.376519889100587 0.612514112769413 0.772396704889988 0.849892479880343 0.83394405666493 0.890292228010007 0.800597410423498 0.636579003057621 0.372654537895739 0.553542857842171 0.504556149996306 0.326517919409532 0.404776603536207 0.292127537897794 0.292855541964737 0.146081176819389 0.05951910595857 0.0497662599783164 0.04610905509409 0.0524228584567502 0.0453355102960352 0.0305088255781847 0.0297327907511884 0.0277566764263891 0.027637797085018 0.0277677810621843 0.0266733323885367 0.0250991511658829 0.0275786505231205 0.0280237292388533 0.0213378061250514 0.0162014640320567 0.0125937317239692 0.0141513718406892 0.0138675811206765 0.0133207769064488 0.0129546212212638 0.0122993821088093 0.00954424324737649
0 0 0 0 0 0 0 0 0 0 0 0 0 0 0 0 0 0 0 0 0.0357988641492913 0.096200526251426 0.136668755760006 0.213793773257205 0.394903806273872 0.661473709448148 0.818100504982336 0.886794932114441 0.821142047419263 0.820784287207218 0.847082833950399 0.678275665454093 0.363394980048057 0.619299676122047 0.381239912032972 0.328090880741326 0.263690313112988 0.183897893984885 0.254715489516464 0.174071402328023 0.0632903050377015 0.051066993033904 0.053076401725503 0.0651779926284424 0.0497725632130136 0.0315220328703473 0.0291951678208044 0.0279737053390419 0.0252555540151371 0.0258450376604036 0.026872040606186 0.0222181248715346 0.0229999981464359 0.0249967584959564 0.0219184239273603 0.0134882718296929 0.0116965648052029 0.0128787325645494 0.0128502856588 0.0120161371294446 0.0117126048346849 0.0112684745352445 0.0111611004116788
0 0 0 0 0 0 0 0 0 0 0 0 0 0 0 0 0 0 0 0 0.060614964345912 0.077565077073877 0.158850391378953 0.275405061829094 0.441452072324912 0.612836900915786 0.789676746452703 0.948584899803469 0.986323465791558 0.813986843178379 0.765620699675354 0.57066889725618 0.428157283001906 0.317922540492337 0.217546459026987 0.185656211731158 0.166046720178542 0.13768625081501 0.235388956813206 0.27904769501929 0.0833937826009551 0.0598520887077389 0.0611728759874472 0.0834143783784556 0.0639093228827451 0.0338884759808012 0.0262970504926059 0.0252281357816578 0.0224040605248097 0.0208400264492437 0.0218088612581779 0.0201029695080212 0.0163669448792008 0.0150936607637274 0.0155986578944994 0.0127150634088661 0.011723730406822 0.0116316070126451 0.0114087550054048 0.0109798656650602 0.0106694076283678 0.0101609964780941 0.0110011341970168
