old_/ele.asc
NCOLS 265 
NROWS 340 
XLLCORNER -3110163.8955 
YLLCORNER -3147031.214 
CELLSIZE 25000 
NODATA_value -9999 
[rows 84 to 111 of 340, columns 189 to 251 of 265]
0.0165324634117604 0.0161870179560788 0.011792432315207 0.00391690799383259 0.000609256842613489 0.000274387031152674 0.000913758446390325 0.0051723128221796 0.0091162499824693 0.00931023705499833 0.00794588822637494 0.00599024057163382 0.00450172283483386 0.00130060072045917 0.000668744448798707 0.00229841849273255 0.000242695406758901 0 0 0 0 0 0 0 0 0 0 0 0 0 0 0 0 0 0 0 0 0 0 0 0 0 0 0 0 0 0 0 0 0 0 0 0 0 0 0 0 0 0 0 0 0 0
0.0143827198155119 0.00927186422950822 0.00264933723162066 0.000925369131018534 0.00101489127193716 0.0027241980884126 0.00309674877926052 0.00944409914058047 0.0150988515807865 0.0123129279220813 0.0108961056416329 0.00797944639108381 0.0072318354398606 0.00647669159278687 0.00510861330377576 0.00386311555246172 0.000676842102474584 0.00043730108276787 0.000245217777987054 0.00108864049620381 0.0030874607200726 0.00395873147742283 0.00679374318145214 0 0 0 0 0 0 0 0 0 0 0 0 0 0 0 0 0 0 0 0 0 0 0 0 0 0 0 0 0 0 0 0 0 0 0 0 0 0 0 0
0.00715618475956683 0.00407542157529906 0.00118139363810111 0.00487779606522277 0.00904582640889411 0.00505130181225423 0.00850293240547336 0.0076302533301848 0.0118217739006377 0.0132911268589127 0.0154021535757843 0.013734103565909 0.00890847004783267 0.00791916228793775 0.00439816680217039 0.00142284453198912 0.00155456090422085 0.00888349997061096 0.00714652333561329 0.0109822789274143 0.0143033431642207 0.0164048829266554 0.0307624205100133 0.00777427582253807 0.00442640713601204 0.00346910755364014 0.00203441558188872 0 0 0 0 0 0 0 0 0 0 0 0 0 0 0 0 0 0 0 0 0 0 0 0 0 0 0 0 0 0 0 0 0 0 0 0
0.00605837580302875 0.00336876908780257 0.00171918754861139 0.00588470535677358 0.00617219692417333 0.00391050600938895 0.0133055380409873 0.0120625139184802 0.0121355482539024 0.0161179322147572 0.0167172405874449 0.0132883981556724 0.00388640479036011 0.00335193906034928 0.00495042004834185 0.00671457379994674 0.00381011276012316 0.0207825282753394 0.0302584297194133 0.0226860618854597 0.0314436137077634 0.013618830858386 0.0247388283455783 0.0187183333640027 0.0101800715792876 0.00582711157357412 0.00295833164353791 0.00218507716275874 0 0 0 0 0 0 0 0 0 0 0 0 0 0 0 0 0 0 0 0 0 0 0 0 0 0 0 0 0 0 0 0 0 0 0
0.0092557069565111 0.0066776211563221 0.00260553002962621 0.00329832562470248 0.00563738120831211 0.00555088515392488 0.0156551287918898 0.018880220139104 0.0161504058769507 0.0180334525785489 0.0170662256806801 0.0174066854954541 0.00742133585429967 0.0120194757781151 0.0179421729189544 0.0124614293958658 0.00725188687246916 0.024935830949233 0.0498527577773988 0.0811356557494567 0.0494803644580549 0.0163315875848363 0.0335377140900085 0.019097408167956 0.0140510588474011 0.0100572729546947 0.0134009728665901 0.00552985738990119 0.000542181251827882 0 0 0 0 0 0 0 0 0 0 0 0 0 0 0 0 0 0 0 0 0 0 0 0 0 0 0 0 0 0 0 0 0 0
0.0123651040778501 0.0127874640710039 0.00546962981487852 0.00423058080583857 0.00738098245085665 0.00709429553686766 0.0135349110208815 0.0183644617285455 0.016574112774773 0.0155885554116078 0.0179525112846325 0.0145956019366931 0.010092817280381 0.0182320058672675 0.0118973094310505 0.00847406747076215 0.0141699940190175 0.0221203842567998 0.0298473767466939 0.103675179990011 0.105012939664299 0.0321846708860635 0.0918411220396459 0.0219490593787264 0.0203202454695096 0.0318444162474411 0.0655004457933429 0.0190452599273099 0.0112513032454166 0.00477691953539588 0 0 0 0 0 0 0 0 0 0 0 0 0 0 0 0 0 0 0 0 0 0 0 0 0 0 0 0 0 0 0 0 0
0.0164203506961228 0.0164848834809381 0.0111590856377007 0.0103287684589307 0.0142178433307735 0.0142143274210741 0.0167039362399839 0.017963525196279 0.0185185211032521 0.0170004730050044 0.0179516584776352 0.011514981119551 0.0159989830855795 0.017556994473431 0.0137400439040116 0.0147757424105034 0.0214055854386323 0.0243590905574619 0.0343296689114594 0.0965859559330534 0.134923759110268 0.0201317737273406 0.0207086355498953 0.0248492549878071 0.0314946760501379 0.0411778235521275 0.045151250945876 0.023404234246201 0.014055188889799 0.0142764525265598 0.0162470494273648 0 0 0 0 0 0 0 0 0 0 0 0 0 0 0 0 0 0 0 0 0 0 0 0 0 0 0 0 0 0 0 0
0.0148891517835887 0.0154940473680774 0.014916098251495 0.0168721053134404 0.0174900568007983 0.0175397750300166 0.0138611313315853 0.0151258776067923 0.0187600874087254 0.0180568705749506 0.0179033708984534 0.0114036765467144 0.0194852385501323 0.0165828683529962 0.0148000676483917 0.0237804296052516 0.0367543150526649 0.0306558517377365 0.0450046686367746 0.115823517557362 0.137334710092295 0.0446356111745889 0.0294874586956679 0.0334911656229686 0.0506684153295025 0.0555195723421074 0.0415196358545945 0.0225276030874215 0.0236908751002376 0.0589408386095893 0.0603479896957913 0.0107798845178174 0 0 0 0 0 0 0 0 0 0 0 0 0 0 0 0 0 0 0 0 0 0 0 0 0 0 0 0 0 0 0
0.0177730533355713 0.0176349418704419 0.0169427794252415 0.0169612424873705 0.0198191131874702 0.0209504726320584 0.0183528671823476 0.0192429911156661 0.014885861986383 0.0172573744831124 0.014688289914226 0.0194201307137901 0.0231700165967687 0.0192687428163223 0.0176372616171351 0.0243289896806948 0.0467854078095704 0.0933824890356098 0.090690349023002 0.106871294044146 0.114982312084997 0.0269743244071342 0.0325062893887964 0.0461614071151315 0.0497847230404455 0.0638139145765088 0.0395416400505277 0.0266311330976076 0.0537919779798366 0.0475969925452777 0.0165632593750818 0.00789601018307943 0.00301244545775843 0 0 0 0 0 0 0 0 0 0 0 0 0 0 0 0 0 0 0 0 0 0 0 0 0 0 0 0 0 0
0.0179139842280897 0.0178180218066685 0.0155275580770777 0.027312370959554 0.0279507981893849 0.0325388244642597 0.0261633035569047 0.0195058161828031 0.016277465745018 0.0184312291189299 0.0153880843539623 0.0161525176559801 0.0186858387654673 0.0188017004820785 0.0191612640110467 0.0278012847924039 0.0453017581212238 0.0624866733204409 0.0687771117254324 0.0957939480728695 0.0599276605278111 0.0465767953064004 0.0550406325825848 0.0539342278619008 0.0553118112501785 0.0974231192956563 0.0689853697065446 0.0541071341316731 0.101452298772387 0.035530929218951 0.0170541719307144 0.0082390633127488 0.00278879193755874 0 0 0 0 0 0 0 0 0 0 0 0 0 0 0 0 0 0 0 0 0 0 0 0 0 0 0 0 0 0
0.0194524396767599 0.0182639030821779 0.0183727636860254 0.0293731797665117 0.0339979702579331 0.0315476701190006 0.0314589753997647 0.0189706511789695 0.0220914851260634 0.027558568383877 0.0314267138925035 0.0215945805893512 0.0340145295086965 0.034221721132123 0.0279302470760807 0.0280071057833077 0.043671528915288 0.042167263908855 0.0416287365284968 0.100194130695835 0.0781864565382979 0.0536164700206322 0.0839653782356195 0.116734789987609 0.111745598276462 0.0990253803401965 0.0737813106065228 0.063768708826869 0.0405688858578773 0.0269118726947133 0.025432734090189 0.0167623221147889 0.0116954628557358 0.00248222771153879 0 0 0 0 0 0 0 0 0 0 0 0 0 0 0 0 0 0 0 0 0 0 0 0 0 0 0 0 0
0.0197389116443043 0.0271774069245047 0.0194396559463365 0.0286035905413381 0.0333024510192325 0.0190152986261561 0.0223951095407279 0.0292514335420432 0.0308797421875398 0.0344067593142045 0.0301724790567351 0.0245679319646377 0.0300676019408916 0.0295673657342897 0.039479849926514 0.0304880511438992 0.0423606263805145 0.0515710284887003 0.0457586393508184 0.0665221169506967 0.0547435263490619 0.058640215070611 0.0929031472983208 0.121342917942313 0.088587988555961 0.0606246118123043 0.054890555300126 0.0658774786060733 0.0544708960950897 0.0295098354579943 0.024354657635983 0.0274382681627624 0.0181835759209601 0.00641375625086593 0.0051932317172249 0 0 0 0 0 0 0 0 0 0 0 0 0 0 0 0 0 0 0 0 0 0 0 0 0 0 0 0
0.0362195255072312 0.0364920133940778 0.0401094057303628 0.0458371031775985 0.0371927443861795 0.0309265474737082 0.0199123859868228 0.0193576259626363 0.0288553514496078 0.0437828879226137 0.0247088558783755 0.0299645337249966 0.0283404988847797 0.0342334817733008 0.0315247545948069 0.0302462475598833 0.0445257372517888 0.0687261219623768 0.0978076891915057 0.101703333887467 0.068851114715611 0.0606176441976877 0.0882427119867715 0.106813543238381 0.0945532436970556 0.0568996960065474 0.0664240678738565 0.0803688049978164 0.0359706817292798 0.0358806442926437 0.0265432311678553 0.0214123199619747 0.0135317663823135 0.0106077794120655 0.0178962260228079 0.00636923791112164 0 0 0 0 0 0 0 0 0 0 0 0 0 0 0 0 0 0 0 0 0 0 0 0 0 0 0
0.0435509886241185 0.0494018224689314 0.0447299363740659 0.0571541479326417 0.0424079090152804 0.0272341834924882 0.0367784755913294 0.0335087298181479 0.0422824640370591 0.0293752454855887 0.0282400323583169 0.0382017811590162 0.0390552497447665 0.0318637698019831 0.024250539811476 0.0360927629352202 0.0588143886869521 0.0838315531375749 0.106004652312011 0.0996307923544544 0.0734892625932265 0.0790009137401271 0.0984570061106873 0.108381714335126 0.117744602800856 0.0982614885915583 0.0466720975351706 0.0294622122587318 0.0273087838662918 0.021801156684323 0.018037793380123 0.0136984657245618 0.0126963295700473 0.0220459429991954 0.0229046833558605 0.0108412614980157 0.0225297148664509 0.0175973304299224 0 0 0 0 0 0 0 0 0 0 0 0 0 0 0 0 0 0 0 0 0 0 0 0 0
0.0679626489405787 0.0566979534150646 0.051378045662709 0.0514491287310571 0.0405393097854162 0.0623672747577883 0.0481419348208238 0.045310503929154 0.0451720951679682 0.0262763095564676 0.040186130445001 0.0485304295829195 0.0361848605079087 0.0391606600394528 0.032920815002775 0.0491090430794212 0.0559066378499228 0.0701626676727426 0.113757005690844 0.112992667300243 0.0869375906739014 0.0927022309944689 0.106693631037472 0.104361400701353 0.108947464543104 0.0718615541228671 0.0470765820795275 0.0398443990963897 0.0331800571639182 0.0233736127523963 0.0170491500001474 0.0192987404071356 0.022625707994507 0.024386916351732 0.0215133880593308 0.0107841869360978 0.0302750140937871 0.0141073790031291 0.00183597465153887 0.0025432325482581 0.00400071303039515 0.00332971583119757 0 0 0 0 0 0 0 0 0 0 0 0 0 0 0 0 0 0 0 0 0
0.0712424525324555 0.0638471224064283 0.0593711558084581 0.0550833929674794 0.0668645015131783 0.0613228248603418 0.0568995787630322 0.0578895941712867 0.0428426870507508 0.040875720511648 0.0307262034298708 0.0352851951856641 0.0482207447951249 0.0458318774666361 0.0369968639704559 0.0519159924085159 0.0513364465469172 0.062365845503508 0.107580728971493 0.119820873794257 0.105086747248619 0.0902324237678198 0.103217952612896 0.117470453964211 0.0905602924665168 0.0753498780980092 0.0628152566462781 0.041478826736774 0.0270313494197094 0.0207784373141132 0.0261211935943682 0.0280694486267502 0.0252581445385201 0.019020486651703 0.0185347593301049 0.0167913105739179 0.0203378222264941 0.00865542923118894 0.0101260390678618 0.0135750194691231 0.0192200714042039 0.0275547049309005 0.0150718129929755 0.00269299508770887 0 0 0 0 0 0 0 0 0 0 0 0 0 0 0 0 0 0 0
0.0711919429095097 0.0622964987557895 0.0714335817943019 0.0658445722594786 0.058334751049363 0.0528394135001464 0.0506513591895557 0.0642950038004765 0.054957077037431 0.0450441462032441 0.0331524463160926 0.0470674705834904 0.0601833686344252 0.0519227702002984 0.0497373901584587 0.0510608461238937 0.0551890963709537 0.0634719766559898 0.107653218962024 0.124129472482791 0.107655139522463 0.0927424734352993 0.0997090663584003 0.107032900272264 0.0922825047931382 0.0780592696564225 0.0661043838891242 0.0521233571057029 0.035741607441198 0.030869784863286 0.0645550945813486 0.0317162244211498 0.0267376795377863 0.0235672725201121 0.026089026998524 0.0178210505974774 0.0142097465494452 0.0138109050471346 0.0186638891045177 0.0252283646856637 0.0311120127571664 0.0291575382354552 0.0233337359996727 0.00683363877688349 0.00203181999888965 0 0 0 0 0 0 0 0 0 0 0 0 0 0 0 0 0 0
0.0732945099484584 0.05666307626081 0.0663138589695845 0.0623006190278945 0.0484752860496117 0.0339087730664892 0.0349816014776345 0.0298470724718569 0.0429997263648016 0.0323853024556643 0.0270604341860115 0.041101232830078 0.0447750248801905 0.0616687043961807 0.059897947671249 0.069864830063006 0.061011481914261 0.0711177891776687 0.105480361644211 0.115722219160243 0.108073955690795 0.088154472284035 0.0852616616206547 0.101332866711587 0.0882933276871834 0.0541840682097313 0.0597329860453865 0.0563229193251168 0.0565792750625768 0.0759487635565885 0.0512578319784747 0.0502494819176555 0.055637608646774 0.0413254443037919 0.0287824148171149 0.0289670175232828 0.0223465302485143 0.0212610618698273 0.0509819300721264 0.0525870719573253 0.0438039052184664 0.0314256363687687 0.0196265155901717 0.0076415373206431 0.000668144666217873 0 0 0 0 0 0 0 0 0 0 0 0 0 0 0 0 0 0
0.0486315269911544 0.0574009901962982 0.0506181848577834 0.0433548541807787 0.0508427620196042 0.0465717622097843 0.0370899525299989 0.0363652145324074 0.0347384775083167 0.0271129592808135 0.0347898385425037 0.0374134273883889 0.0401807316602781 0.0470590123013236 0.0596274501326482 0.0734824457202723 0.0662929840408574 0.0970672684780023 0.108463561474772 0.114260907153051 0.112141702700996 0.101306168688272 0.0953842210684765 0.0682080898650775 0.0643681190897544 0.0478425618793407 0.0474573108544984 0.0327600183132137 0.0677569033205061 0.104899849919368 0.0637689823950711 0.0571581621272806 0.0737853750483825 0.0512505126333126 0.031182199750077 0.0236225277139105 0.0568041648737714 0.0486261672876032 0.0962452909421278 0.0683311508918234 0.0422780059919699 0.0237525340231748 0.0161729836281602 0.00872254904999701 0.00321324277340004 0 0 0 0 0 0 0 0 0 0 0 0 0 0 0 0 0 0
0.0504989091216705 0.0537754187290731 0.0392430487324792 0.0565765282145068 0.0671813772365708 0.0514877185966259 0.0439551521445648 0.0381581609883436 0.0372841831619732 0.0366949591273474 0.0377821861587621 0.0302828219535959 0.0363359873989796 0.0435228697210605 0.0542501600541473 0.070547511136794 0.0572603873064712 0.0677953759425597 0.0826970043902225 0.105628289462224 0.111923841917688 0.109571345202516 0.0962919985253669 0.0976010056233116 0.0872595916138148 0.0838231060214572 0.0623465561537481 0.0446151745132876 0.0634336436095495 0.0637887183867935 0.0674389556564033 0.0819545570388138 0.0584232866523997 0.0414384223882321 0.0354664787837475 0.0278544268114168 0.0459217474125361 0.0781354556091933 0.0994499358577478 0.0966194094160523 0.054806620109304 0.0283162378516736 0.0172109614044174 0.00682237921215752 0.00359487076425978 0 0 0 0 0 0 0 0 0 0 0 0 0 0 0 0 0 0
0.0671446465181713 0.0493818519901785 0.0634062309590948 0.070419531465435 0.0689599278637499 0.0485348680874228 0.0400331137001258 0.0493481807692229 0.0493013559424686 0.0470437538952762 0.0366622398120745 0.0314002726883174 0.0429207126101051 0.0413099123295424 0.0382106525849984 0.0473137657107427 0.0535346842942552 0.0615350914530683 0.0743952088180701 0.0997178987032108 0.110642146975756 0.108641481300575 0.113509532545415 0.117266908055804 0.103879351197166 0.0955537328593331 0.0783827389317879 0.0568072690354115 0.074175555883887 0.0633252380222015 0.0547442800573738 0.0637007578352836 0.0549248797349519 0.0546203313297273 0.0541423685994979 0.0411759588219336 0.0480663239195798 0.0687288297292751 0.104872213947932 0.103567639771466 0.0580114604307826 0.050803675264852 0.0211132164014254 0.0109395590194476 0.00131969754310743 0 0 0 0 0 0 0 0 0 0 0 0 0 0 0 0 0 0
0.0743184813119196 0.0677332647946354 0.0613121501174356 0.0806798073794006 0.0661699509292341 0.0586709496206625 0.0497635019641974 0.0692534497955228 0.0660250267784189 0.0665985262244488 0.0458908425802363 0.0345288349371204 0.0437166788346825 0.0484848330215624 0.0441959033284563 0.0551974262435562 0.0557328103811026 0.0621545168589029 0.071897838199304 0.106686763917297 0.115166663555061 0.129463862600784 0.146988574630611 0.149915508739935 0.122118913688138 0.103216869506136 0.0831070440439892 0.0711687286935035 0.100226032098014 0.0869266423627932 0.0765115380124915 0.0521041124201393 0.0469867400487501 0.0623944529212126 0.0602286246312859 0.0681868352906822 0.0831284381939979 0.0838811806426445 0.0993236143446748 0.103225623688603 0.077543794584359 0.0776460365126231 0.0266225575719257 0.0237186506472869 0.00535912989545273 0 0 0 0 0 0 0 0 0 0 0 0 0 0 0 0 0 0
0.0672517456777787 0.0676268132658737 0.0740803764816566 0.0781703885936933 0.0760869322477194 0.0558482394133126 0.0594259866923921 0.0759729436358389 0.0738403175928071 0.0671754983117381 0.0461390750170014 0.0442400455119227 0.0445830190834925 0.0511955533398144 0.0479225833699654 0.0572405675693807 0.0577027582553057 0.0534980764023955 0.0769501683348893 0.113068551769689 0.116240870973266 0.117551474816227 0.140023371880619 0.165354760117981 0.152526812140336 0.119223289180393 0.0757180227356838 0.0860597605606035 0.124222887649269 0.10995860611619 0.0979319673175997 0.0658257407177304 0.0681782653480248 0.0822328652287356 0.0569071716763965 0.0925817884062287 0.107824037180621 0.102966013047841 0.101962162904795 0.103742578262168 0.0752332208004021 0.0523258310733994 0.0274818911249473 0.0244859033766936 0.0134001382044225 0 0 0 0 0 0 0 0 0 0 0 0 0 0 0 0 0 0
0.0604394731357812 0.0708791483770505 0.0787214331150534 0.0780777159694779 0.0647531300445418 0.044257514795685 0.0528597133773466 0.0661480543070176 0.0581161868049637 0.0497779173335403 0.0452800708624272 0.0537119732382855 0.0505755640485021 0.0563356262889529 0.0575437760487176 0.0562842457141801 0.0611581870499021 0.0654835515611075 0.0841560217743317 0.110677777838323 0.107040415023285 0.109028932037083 0.122960197322846 0.14429033237219 0.142922893339487 0.124419566437501 0.0896052435409096 0.12206370874156 0.12873300002528 0.0986419493813517 0.0923855227618124 0.100627105414381 0.0986329383797563 0.128272802479113 0.122914561680317 0.128519974141217 0.108632168815655 0.0951528047016034 0.0941288891683875 0.113408010827316 0.0662598264581587 0.0340129690533397 0.0222426524940621 0.0138943963875062 0.00881020742030411 0.00696077262002587 0 0 0 0 0 0 0 0 0 0 0 0 0 0 0 0 0
0.0694056932915002 0.0589952675157569 0.0820580830627204 0.059075115932621 0.0525995221020329 0.0463582059383907 0.0594705280621125 0.0667886282097813 0.0577853702693135 0.0490105641096921 0.0448355867388071 0.0470315605696972 0.0515658195268114 0.0602159846637443 0.0716048634039352 0.0647016378092783 0.067063139943021 0.0797276392944522 0.0890154751613918 0.106563903879434 0.0976776828822413 0.0965335983289874 0.106901319550081 0.128777753549933 0.115022755514711 0.104767800223124 0.0841097831651533 0.114963653617009 0.125232030499572 0.116283715103528 0.131285469513158 0.114773149653911 0.110912510521768 0.13401177205288 0.136295150924339 0.120238204878063 0.106595112986571 0.0977630584933927 0.0845080035559846 0.0986416367319779 0.05638516446563 0.0284119950969432 0.0205131892143291 0.0123320134914458 0.00232071901188014 0 0 0 0 0 0 0 0 0 0 0 0 0 0 0 0 0 0
0.0581505447379368 0.0634578795190452 0.0650259557043727 0.0542736534213802 0.047595256224648 0.0564445510975824 0.0790968077694977 0.0797577429627316 0.0712791609187568 0.0570274746890233 0.0593354467835481 0.0517939084110632 0.0602419010636242 0.0762539093454382 0.0786528568247205 0.0821781460052923 0.0783914931142548 0.0816060199832974 0.104512644835939 0.111741154188934 0.102038114370535 0.0791964033441334 0.0825116647248163 0.0868554867151261 0.08684045163006 0.082795611769516 0.0821242921506516 0.0808655434395487 0.088993701365715 0.104217983967161 0.105787997462002 0.114937770715277 0.107434409064545 0.112358525041741 0.115364816261769 0.103528647928131 0.0955411040578405 0.107151684702218 0.0744418047408186 0.0570240076307886 0.0412200200515443 0.0317910592819837 0.0272212476246464 0.0194236298744159 0.00446205614340834 0 0 0 0 0 0 0 0 0 0 0 0 0 0 0 0 0 0
0.0734657133957483 0.0670964036031858 0.0550510840045097 0.0481433864072022 0.0480660168532305 0.0633386986943494 0.093540287640997 0.0896132384320402 0.0812380428363587 0.0805236892643977 0.0792495984018793 0.0560796557801857 0.0548565435146738 0.0592817492535943 0.0747042236429208 0.0857187717542551 0.0947167034893189 0.105609965975709 0.0953851366844999 0.0887474955668552 0.0818387706930338 0.0789794079296278 0.0716324882093222 0.0805034619665163 0.0752147800703711 0.0786670377070331 0.0993852844336611 0.107784743853961 0.0795514948704511 0.10548203655157 0.13018896349497 0.14211767604326 0.129993233820909 0.133499004747715 0.118866187765244 0.112550167941844 0.147499454873485 0.0976776158859469 0.115048593752247 0.10568913326358 0.0538703803933469 0.0394131216173013 0.0355946566524774 0.016685925402842 0.00195426289018754 0 0 0 0 0 0 0 0 0 0 0 0 0 0 0 0 0 0
0.0999163082290477 0.0765503902802133 0.0564477948348358 0.051185526227754 0.0546701709897291 0.0638167116717996 0.110212354581193 0.108470841738763 0.106464157563136 0.089603948279218 0.0766720722998997 0.0555925313066984 0.0553001985591509 0.0613475744080944 0.0740479111939999 0.0970576210116101 0.107894025976161 0.0893412055616929 0.0824623107879488 0.083659300081673 0.0829808956046768 0.0810566336202234 0.0735146374397268 0.0583753396377144 0.0537108733824526 0.0702193577038458 0.10413129076222 0.0933159952134274 0.076615482763238 0.0819180105602239 0.0900540628830792 0.120134673271132 0.0976201553974582 0.103810423176287 0.131100615570886 0.140993321898704 0.156490212422024 0.107750810230852 0.0938317159385703 0.0728995053797578 0.0530210125391158 0.0295961099360954 0.0237012344022577 0.0154967621137563 0.00220675953640887 0 0 0 0 0 0 0 0 0 0 0 0 0 0 0 0 0 0
