old_/ele.asc
NCOLS 265 
NROWS 340 
XLLCORNER -3110163.8955 
YLLCORNER -3147031.214 
CELLSIZE 25000 
NODATA_value -9999 
[rows 196 to 223 of 340, columns 63 to 125 of 265]
0 0 0 0 0 0 0 0 0 0 0 0 0 0 0 0 0 0 0 0 0.0526558380704924 0.0751734042755606 0.207983497294109 0.315985431968434 0.45698744105331 0.610489663409724 0.65844771015152 0.914020439586806 1 0.782450526139766 0.784328923577684 0.680237584939019 0.539081573705437 0.240599995587177 0.237582571816231 0.155556418070812 0.141855675867997 0.130101142519073 0.278991351135708 0.321873646954005 0.108209656685082 0.0828859730215749 0.0720535152553689 0.0806398329237478 0.0581492718083434 0.0335267713619248 0.0250133037891586 0.0232447132777455 0.021382736910733 0.0184365818437005 0.019518888834746 0.0193093816518946 0.014912523720038 0.0138613700058841 0.0132745075906355 0.0128108625268197 0.010669106145043 0.0103466564695329 0.0103093367420452 0.0113075312812398 0.0112220293541584 0.00956114376051451 0.00745020916354769
0 0 0 0 0 0 0 0 0 0 0 0 0 0 0 0 0 0 0 0.0692443997127556 0.0808729576961279 0.0830415384171491 0.257051315320382 0.450701938042006 0.47180300159478 0.62254966636292 0.744002335401494 0.808856177625578 0.854434560654827 0.692875229942448 0.670442146064606 0.621812171154272 0.494701486397653 0.240105138624713 0.19455163355278 0.156788022116638 0.130447982335132 0.126606068667271 0.319596398243482 0.359601783852267 0.219863659861064 0.132451707507757 0.0812155655795908 0.0714617593191176 0.0449253813138759 0.0282681875510344 0.0231410825721289 0.0211013789936603 0.0195140413736956 0.0183287945763195 0.0189953546667698 0.01888084962512 0.0173736674883688 0.014775401846007 0.0129022873450521 0.0118285461093957 0.0107779039398645 0.0108483889267095 0.0107301306968177 0.0102181589726484 0.0102040478781425 0.00972986136613127 0.00774730981404598
0 0 0 0 0 0 0 0 0 0 0 0 0 0 0 0 0 0 0 0.0768094649506206 0.0833393257796649 0.114143942789095 0.287337057195808 0.547975108464767 0.669952849794576 0.777743009182333 0.758873100889541 0.737826929633971 0.759848120293901 0.501607866401171 0.466829777333796 0.495550195454989 0.534320817026063 0.250939042394273 0.32787084257845 0.210393063686052 0.131050926652546 0.14397635423853 0.322056926483358 0.20165851113331 0.220390206070775 0.101167129045314 0.0644050117158653 0.0590864997196428 0.0371138199598755 0.0232533223015746 0.0212637487003835 0.0192246564631013 0.0181992767817017 0.01871882885743 0.0182505624450575 0.0171643305877656 0.0159132683056878 0.0142015618354805 0.0128319817128701 0.0116078826477722 0.0103563737237318 0.010696259882735 0.0102802101030591 0.00956871294602448 0.0091742331816299 0.00887931340008963 0.00745000677890839
0 0 0 0 0 0 0 0 0 0 0 0 0 0 0 0 0 0 0 0.0468306191422348 0.0893892642368689 0.104497715828339 0.246894141120459 0.580095633190465 0.702991893716364 0.880772233233932 0.783379809407155 0.69060628877243 0.730733585304908 0.438928366579426 0.370851131643341 0.398204535041697 0.498757888702004 0.311287026507039 0.36209543059367 0.236293205798592 0.141316478524695 0.149938801118284 0.140826992431831 0.07113138942543 0.0826491802020769 0.0765294874363636 0.0522327508883932 0.0488408010827316 0.0316500544143903 0.0211500378439735 0.0200167899413372 0.0190685509099035 0.0178123634113048 0.0172233710721971 0.0163767765854025 0.0156116775077093 0.0140491997002318 0.0137060069949491 0.0137619782116438 0.0122882230385249 0.011224593358175 0.0104758274187516 0.00959144143889639 0.00911737635766874 0.00925786130610259 0.00882957423452937 0.00742821972354828
0 0 0 0 0 0 0 0 0 0 0 0 0 0 0 0 0 0 0 0.125819934148896 0.167217525087209 0.164204422577251 0.248975336341497 0.400533102913722 0.679232997836734 0.807378596684898 0.742764690523124 0.663893972915095 0.670362107824908 0.494644628875814 0.294292054176955 0.388676813359669 0.638569060986191 0.332910504831371 0.363640945776862 0.251354732068866 0.171067187993121 0.0843898555908274 0.057575945436074 0.0536467579287211 0.0651755360976481 0.0655034215454187 0.0428743176762398 0.0374410298616777 0.023416416405731 0.0202215264297255 0.0253196136386232 0.0263266572717019 0.0190029126862307 0.016217894873256 0.0152813173843146 0.0145608266726362 0.0146151690419235 0.0139118545052194 0.0126737252994712 0.0120560264439734 0.0109932377066936 0.0104717839132339 0.00901946825219799 0.00901077059785439 0.00882261708808378 0.00792421632089581 0.00734493355932821
0 0 0 0 0 0 0 0 0 0 0 0 0 0 0 0 0 0 0.0409795787255143 0.112007040149271 0.181098197004658 0.238274777529872 0.425176528536089 0.451933463925488 0.52951968391327 0.782197548132148 0.670391541530244 0.580032790666326 0.710909292466428 0.425264829652095 0.258399794401772 0.393699927527875 0.603388502846315 0.309082491108028 0.305698820927749 0.29371168761075 0.116452601595637 0.0665889401713265 0.0575618371330803 0.0519650001978624 0.0952990241141102 0.104025905591144 0.0387905585516795 0.0335760443449366 0.0209394656991925 0.020207493497563 0.0498148043766267 0.0590745129659715 0.0369562977142026 0.0174308404510941 0.01949456638837 0.0213510713913406 0.0160902334342953 0.0125568893450791 0.0119130284366218 0.0115923206647658 0.0107341127890656 0.00964205225416179 0.00875962591591751 0.00873499151804581 0.00807970983502922 0.00772720115543596 0.00668106239306833
0 0 0 0 0 0 0 0 0 0 0 0 0 0 0 0 0 0 0 0.0661679522064515 0.187575443410508 0.318727545633633 0.519063572247777 0.619927833378251 0.697763547566342 0.781064328144634 0.679615591341899 0.603368493286391 0.591537439003224 0.30628986223686 0.259028107982662 0.275012485876065 0.450890688935401 0.202087309749506 0.171541599919747 0.30061315455268 0.0795886164005678 0.0591699156891833 0.0555757989821744 0.0519498143711339 0.0547427503086519 0.0533112460694391 0.0352289127153518 0.0348748428825236 0.0221338519077284 0.021762596129633 0.0458323576067459 0.082861106230307 0.0417946193534071 0.0181709094340519 0.0202328599695265 0.0225716643170322 0.0218483332416229 0.0210015949919466 0.0131958218386302 0.0118672629887726 0.0108331800700049 0.0100366555429741 0.00883324018801304 0.0085944702799525 0.00831221140229586 0.00617617482915275 0.00477001507874432
0 0 0 0 0 0 0 0 0 0 0 0 0 0 0 0 0 0 0 0.0827835915176974 0.147701024391207 0.319154245032604 0.571413717393015 0.58070775600021 0.741674035514646 0.772216618850667 0.692476869976004 0.622739533861222 0.564425244596771 0.293589285380899 0.223654444190256 0.222039319857192 0.330030937102182 0.319879457587281 0.146797076889146 0.231477177176346 0.0741417562533671 0.0541335418377119 0.0516835878463005 0.0720586237228161 0.0481740260458367 0.036404881921711 0.0321016624773139 0.0370025837790895 0.0250201737008458 0.0334284905895665 0.0797068481110931 0.0924846381963383 0.0385287286586654 0.0181544548649984 0.0192533573964668 0.0202180077285139 0.0187990611072308 0.0177933797321381 0.0129563407928199 0.0115376258670549 0.0100654067235605 0.00959784586591326 0.00940152857851997 0.00909396813156 0.00813951798533389 0.00621218673314367 0.0033301659625505
0 0 0 0 0 0 0 0 0 0 0 0 0 0 0 0 0 0 0 0.0437267366533779 0.0963249272040597 0.314174678455751 0.602185428055851 0.711664519360991 0.771803564363653 0.748550624499259 0.759264537905565 0.607397248453257 0.59285096835104 0.362862113854575 0.206532402221812 0.220582954409736 0.283890231842017 0.401470515064831 0.189728480991231 0.179702027727712 0.0748657684577694 0.0579366479020468 0.0522314835418243 0.0666195407287893 0.0450756260870707 0.0335933405549383 0.0326575502724561 0.0332547691982125 0.0358435171795025 0.0629879730932162 0.1271335974893 0.09210119048842 0.0279941196682451 0.0182989742465351 0.0194959649360154 0.0181971636069161 0.0166097729482184 0.0158885020088616 0.0139181368035746 0.0122616241138958 0.0107466752921418 0.00947804672125048 0.00963616844418257 0.00911515919905126 0.00898406978302759 0.00534949010571926 0.00326641724374297
0 0 0 0 0 0 0 0 0 0 0 0 0 0 0 0 0 0 0 0.0306666437241579 0.0697159531308217 0.250140312572551 0.432386178432213 0.66251737772216 0.649929577961757 0.766177394217541 0.710991385259154 0.442331733670256 0.553319715517655 0.329618150600345 0.199856400142604 0.174041332157891 0.261593686412142 0.412519097293716 0.253542071752317 0.116746402678637 0.0747944788175136 0.0608389441241079 0.0518980988148891 0.0535486083574393 0.036678840935522 0.031986621465309 0.0314968087655093 0.0318003410602691 0.0498319219298434 0.111964564498628 0.149328397880094 0.0858141465623442 0.0273625288519542 0.0161416977544361 0.0180064586549342 0.015426651887433 0.0140552140134094 0.0145710743141656 0.0152306500409258 0.0140969666623759 0.0120170694945415 0.00960073228959657 0.00749341130525843 0.00937928929817273 0.00790659838910537 0.00491380168831108 0.00449183355369159
0 0 0 0 0 0 0 0 0 0 0 0 0 0 0 0 0 0 0 0.027626589163269 0.0739631218004245 0.171031557130554 0.420555704783598 0.613539022080996 0.71847009227355 0.875399666394185 0.636576323205846 0.357145074401171 0.395360542344829 0.224379009114087 0.17941028119774 0.152685414701256 0.224074533288181 0.257591461777855 0.21020116396682 0.117268705789704 0.0852917485398604 0.0739504762498583 0.0684804018866514 0.0488375405964046 0.0362478900633687 0.0334303497367358 0.0372080781630581 0.0482365838357237 0.0755046395380507 0.130548398614374 0.12634154496492 0.0761976045430277 0.0269430510952152 0.0134185524150869 0.015728100318286 0.0135340107581756 0.0131088313376328 0.0154500112620771 0.0173232011338632 0.0157861358583016 0.0140643520288131 0.0123042491104455 0.00771651036133424 0.00746249949417798 0.00518964218138952 0.00362812919033906 0.00509348749456102
0 0 0 0 0 0 0 0 0 0 0 0 0 0 0 0 0 0 0 0.0461673921174304 0.11944629751232 0.231837773564852 0.517093881192702 0.720710716343139 0.797163091044659 0.944999347456093 0.607465897322908 0.455010559062638 0.38680676812645 0.204851666184442 0.171568766917123 0.134228851212754 0.152442888115563 0.198099221333335 0.160151760899337 0.123455724248255 0.091209793625508 0.0962282627173036 0.0791272017550528 0.0547483221671354 0.0377010201481083 0.0400599903802254 0.0508536265853445 0.0767816112412278 0.126123125879159 0.153367180159021 0.105447857275382 0.0735852850321613 0.0320075075600852 0.0129736956245792 0.0126848606419013 0.0123749329925396 0.0121741395152273 0.0153834462563319 0.0168825665056582 0.0159609850206112 0.013834812953939 0.011344741441871 0.00706793877592768 0.00443469199547927 0.00283936873126839 0.00356298052813 0.0047632714829871
0 0 0 0 0 0 0 0 0 0 0 0 0 0 0 0 0 0 0.0342419623875657 0.0573039237317758 0.126990370577943 0.189495512543538 0.366534113753812 0.652607955818892 0.745423103484531 0.851052855699183 0.62446352717267 0.43501712291292 0.349236027855809 0.202956720661809 0.158603878513743 0.12651746606794 0.126975452736392 0.203472301811339 0.141285582066932 0.118852308366256 0.10926353072794 0.180762143591996 0.152343309290001 0.0571229332424804 0.0404634839377278 0.0406868942474212 0.05606993015145 0.0809099396506313 0.144661469511014 0.190804687132218 0.109125898007164 0.0684623073041415 0.0315863576874987 0.0174896799466424 0.013728126938147 0.0121398792851835 0.0122216524497552 0.0140458624473175 0.0167207690589495 0.0163933107125556 0.0139072499057362 0.0102430571684293 0.00530754309771124 0.00410596281312616 0.00158248492482882 0.00306239363779963 0.00671728784774762
0 0 0 0 0 0 0 0 0 0 0 0 0 0 0 0 0 0 0 0.0425281757382478 0.0945525849001608 0.176191477731906 0.290048821539648 0.552612011327912 0.656784326154398 0.712666560604089 0.575570480146363 0.471782679385481 0.431576461218212 0.239343703406869 0.154958766460655 0.124646337727963 0.120815489614726 0.181677580958545 0.185257237632015 0.108687507754821 0.133061396118806 0.254991558913549 0.127584460218449 0.0613773319288528 0.0415629712910159 0.0404910222062344 0.0927800695225013 0.119175788807671 0.190562160546525 0.204101754329234 0.101059209181101 0.0655019811250893 0.0325417890502864 0.0204224860020176 0.0172277788700655 0.0161849494454895 0.0158895781368402 0.0188540176092167 0.0181294624556786 0.0173301785187727 0.0131210637443836 0.00886271018300797 0.00613356797743279 0.00396485256594468 0.0024415642757647 0.00212108959518293 0.00592723823341848
0 0 0 0 0 0 0 0 0 0 0 0 0 0 0 0 0 0 0 0.0930634359326496 0.130522124900924 0.190893903864248 0.374343827126692 0.570981501965805 0.587497919765059 0.554198260258093 0.395475373993414 0.467091018217722 0.515441261266879 0.27116667525708 0.150016036679667 0.129310374090335 0.312105274582526 0.127120689536581 0.128587115594245 0.0934872209928154 0.118662418535856 0.178405113460904 0.137581088964915 0.0660935472385065 0.0428452189523763 0.119038736721446 0.157459168661742 0.189255263831854 0.221440618638423 0.180382598418226 0.0886988953382996 0.0598728519759753 0.0341346036173175 0.0221340612711484 0.0191071784608879 0.0213992584760808 0.0209526081389421 0.0213599372342983 0.017218998168232 0.0171549483150387 0.0115910630884899 0.00894541082753019 0.00429998198804625 0.00279431913184594 0.00212454444055146 0.0052656829755225 0.0113534621261908
0 0 0 0 0 0 0 0 0 0 0 0 0 0 0 0 0 0 0 0.110903667010909 0.139414610051642 0.280419019837067 0.540800877276277 0.607909948762127 0.725551823911585 0.65448349474825 0.353142916763179 0.349883837358366 0.375697308598063 0.36525660608028 0.141539553852917 0.139345827189401 0.461999523165041 0.141094073159417 0.101613536520886 0.079439482649255 0.0937461616706339 0.118117046367421 0.108982559435316 0.0614991479411279 0.0469881748860549 0.0963457183874188 0.181377448725726 0.248055276230635 0.176109329108934 0.133603742287945 0.0706528907248454 0.0575084355034267 0.0459623806650838 0.0300092788751126 0.0259941323305447 0.0224303091146493 0.0210630403641954 0.0215050484164354 0.0185202909220289 0.0173106351413966 0.0117413923049307 0.00908957498913097 0.00414650778409846 0.00190762963096252 0.00235636522776418 0.0073932923220728 0.0118860065978844
0 0 0 0 0 0 0 0 0 0 0 0 0 0 0 0 0 0 0 0.0728738625480799 0.154076972399939 0.328229898052185 0.638965991698355 0.639330808853408 0.731244901023694 0.589232945132983 0.338322376163826 0.478456537583269 0.435697358621963 0.284099706922477 0.122174252627304 0.160606554077756 0.383283031026699 0.110158299737669 0.11768448479269 0.0794326211121045 0.0835885408287477 0.0848504718638342 0.090007332967742 0.0589358250535591 0.0515378429908789 0.0606403001112406 0.18120912053607 0.276458667886773 0.189609964546454 0.0993037611094372 0.071128558831992 0.0597409530213944 0.0483010231048781 0.0332026321236155 0.0284754796689025 0.0246482046913664 0.0218862531442478 0.0204036209621222 0.0194647753694645 0.0137293942847158 0.00948028621196609 0.00733188463523957 0.00255455544541861 0.00198807176759182 0.0072720618294955 0.0152053128798411 0.0120785609267428
0 0 0 0 0 0 0 0 0 0 0 0 0 0 0 0 0 0 0 0.0195563481378469 0.103215384421611 0.260704757246074 0.557190493422348 0.752888009262282 0.696023028502278 0.692220586817863 0.369072112042102 0.472219495224906 0.579003950905473 0.281427403396033 0.123605248811285 0.150364730059871 0.179579469173174 0.108048787416202 0.103108134520341 0.0822821689183823 0.0756755359189913 0.0724261821429149 0.090109636309276 0.0682670131059938 0.0604057181694576 0.0694222357931901 0.113802708329667 0.268728389786942 0.20578275835178 0.0915155647131053 0.0704839763176139 0.0602896638385 0.0488418841894909 0.035987751826788 0.0295097991683348 0.0241779716586022 0.0212404870286688 0.0187377162294235 0.0166406219502728 0.0110484049678556 0.00741402418579627 0.00593542085374897 0.00321155007014959 0.0107566340121517 0.00740323708452136 0.0144690040639059 0.0132786613608877
0 0 0 0 0 0 0 0 0 0 0 0 0 0 0 0 0 0 0 0.0652924613804327 0.0885537422834785 0.121449017740529 0.433810207001577 0.677129314192879 0.675722883316842 0.768080446291795 0.451826225190267 0.490118135905824 0.518421792411714 0.296942338254643 0.135537690819962 0.103323873754327 0.110855887486959 0.111004038625954 0.0976116580341197 0.102840640648939 0.0744882778370273 0.0713417466237664 0.0864171411269795 0.0690581109331789 0.0650425149551362 0.072947346316977 0.0943697855109169 0.294262196161755 0.217233229018614 0.0985376026528389 0.0713813637658492 0.0591722214783152 0.0484756210310837 0.0338747864046474 0.0284159534613368 0.0235662033709141 0.0204563777524423 0.0185871923050021 0.0181009764687575 0.0125266977441633 0.00829665081504565 0.00584082069031374 0.00202535468201147 0.00591676657302967 0.0164060874641983 0.0146734516307747 0.0102357957471467
0 0 0 0 0 0 0 0 0 0 0 0 0 0 0 0 0 0 0 0.10281112878126 0.0987182358285642 0.22134952601015 0.285764028867721 0.539283723857711 0.77273383024336 0.66674529054015 0.412101263737702 0.430953217023598 0.484583348705261 0.215004217640053 0.117317032450057 0.0962155557534676 0.0881324528352787 0.0961606746223129 0.0860161850541272 0.113831952212169 0.0883738739821141 0.0732096256434659 0.0917914666194536 0.0855082414821581 0.080669746769193 0.0860285737855649 0.0993223525811305 0.280751142800458 0.196395125921322 0.0983371050758269 0.0721743709874244 0.0589708082852799 0.0480098013792125 0.0383687777973208 0.0288030468842748 0.0233401425203238 0.0200144436752774 0.018648312466072 0.0187417653179658 0.0149198765633474 0.0105304266071674 0.00609189349080976 0.00254111727983834 0.00831846438977229 0.0137516482205025 0.011505587680775 0.00809626210701202
0 0 0 0 0 0 0 0 0 0 0 0 0 0 0 0 0 0 0 0.040308742038272 0.0714959888425265 0.17547915079785 0.253518489056691 0.564912307656989 0.671517570582159 0.686444568293298 0.572709738375897 0.561920342477911 0.491618942228559 0.199852358032842 0.10945174565098 0.0937873643916839 0.0877541638420285 0.0839735517835351 0.0836409765951572 0.106196083057182 0.107464590895168 0.082777254784853 0.109027134303184 0.113984982914605 0.166385062631262 0.137400768438564 0.115415431962181 0.262991742751381 0.198099199001237 0.113653585744403 0.0764635407505854 0.0562630637191037 0.0446426402024753 0.0357689782189687 0.0277701566391229 0.0235072745469733 0.0202859308049766 0.019142689288427 0.0156675942899148 0.0164699823884608 0.0119620599538226 0.00658626891740867 0.00274605615286598 0.00490959034311839 0.00702016553288093 0.00871215694770778 0.00511214700936581
0 0 0 0 0 0 0 0 0 0 0 0 0 0 0 0 0 0 0 0.0172592741072096 0.0517605945036776 0.127929133820989 0.125030996952205 0.45034766163727 0.720442909822362 0.679993361113868 0.71041780765078 0.488317454169398 0.456724949571889 0.202997923382859 0.10628471915466 0.097106695797251 0.0964071539893747 0.0899444904436039 0.0842413415552377 0.089859790378421 0.119428833811583 0.0978666012663729 0.125665842671798 0.176606910587371 0.239691972477208 0.16044658925885 0.132111277003861 0.221581601173918 0.189145903547311 0.118637015774233 0.077976283579771 0.0533385079782314 0.0421873655886844 0.0346162399776893 0.0272854440322336 0.0227081999734873 0.019776954373469 0.018576496625754 0.0156496029933587 0.0183189265804582 0.014384629209902 0.00759365171922764 0.00257688492650596 0.00278440490156279 0.00393580025097259 0.00922816729224829 0.00857487177020914
0 0 0 0 0 0 0 0 0 0 0 0 0 0 0 0 0 0 0 0.0305067682336445 0.0307192693134014 0.225940692736324 0.145107251687838 0.276290998494013 0.57107292957555 0.733263990679833 0.680989149369489 0.495331921527866 0.447094544902658 0.177534150467782 0.114305191703643 0.107463228637182 0.106076807321069 0.0947370815288626 0.0879927599784504 0.0847864401554707 0.108745426051321 0.113980248509801 0.150917963126847 0.260951973572374 0.237338660640454 0.177301327178726 0.153260376899713 0.193704778059589 0.141788869396441 0.102716931991347 0.0652485118113127 0.0510630737506821 0.0402942233829752 0.0313614092545465 0.0246711146325356 0.0218978379201527 0.0190576137648443 0.0176374318993834 0.0155853423809893 0.0169219268286125 0.0146767833006645 0.00828425510482732 0.00418427380460968 0.00144078758772383 0.00185727040074012 0.00361863421030441 0.00346540949776541
0 0 0 0 0 0 0 0 0 0 0 0 0 0 0 0 0 0 0 0 0.0387691001968887 0.193316400541008 0.184632151039305 0.226177546969092 0.537172536628884 0.684212207100017 0.693787808800437 0.799263022896028 0.360539173671278 0.16739928603389 0.122043085048937 0.113431973168609 0.11077884174841 0.0991947358063661 0.0893835360536985 0.0847233854764004 0.099773550291751 0.105755135779603 0.155335553620306 0.209945595435819 0.181036024443464 0.176685452576494 0.170889658979035 0.163692749544894 0.116554179143982 0.086684930898682 0.0621588157877929 0.0478043628254892 0.0371658984127149 0.0286470767194219 0.0218938949090766 0.0194297293287177 0.0175016345979226 0.0173947266569055 0.0156604368524641 0.0128742019401412 0.016016778976277 0.012084329586841 0.00884326869582959 0.00322996811914335 0.0010917787666344 0.000842419169557036 0.000700114329595104
0 0 0 0 0 0 0 0 0 0 0 0 0 0 0 0 0 0 0 0 0.058960368029404 0.146601146226201 0.140979944971924 0.248545577445081 0.672721895970119 0.885058745477415 0.680911255011211 0.614012194576177 0.348457396922405 0.191102061350919 0.132012323477047 0.116684107290903 0.110121485273902 0.101913534761117 0.0918070041767276 0.0864811951674412 0.105840254571626 0.104211920802519 0.132923227427675 0.165165741239408 0.138204924960131 0.135281552820459 0.134186342063963 0.122763462704369 0.0985368545275515 0.0761371850515367 0.0600221253029014 0.0428183813534484 0.0335292390587682 0.0264444730468995 0.0212472801737687 0.0197853442635852 0.0203957181908964 0.0205979967527343 0.0184133243592541 0.0173433767887676 0.0159372515833234 0.0141516021404512 0.0106718871891383 0.00841500395635451 0.00436855513792795 0.00104709468084931 0.000739636124087053
0 0 0 0 0 0 0 0 0 0 0 0 0 0 0 0 0 0 0 0.0489392800524608 0.0614017911593298 0.139624252622838 0.0998450241718164 0.183017685503136 0.476368888385871 0.908207305115149 0.842182367665123 0.507497108663255 0.246106934661373 0.171718793952361 0.171111662366547 0.136200060850501 0.108202074937767 0.0999445360010841 0.0902158254358846 0.086889705072486 0.10180015469891 0.0922314424507638 0.11715768176385 0.151264680116366 0.131792631461692 0.113405062990363 0.0987957058769775 0.0887601969476667 0.0756322283976925 0.0598953571478659 0.0523277683829122 0.0411155867861511 0.0319843268422261 0.02666072312763 0.0222078911875665 0.0203086774426782 0.0210504324990449 0.0199689406295812 0.0196382441289584 0.0175867631602384 0.0159398951454396 0.0151342367902736 0.0120209524881039 0.00817767028135496 0.00722427881615583 0.00496923135162612 0.00193165478128211
0 0 0 0 0 0 0 0 0 0 0 0 0 0 0 0 0 0 0 0.0248522195738339 0.0363446857512013 0.0387858995177071 0.111148906946524 0.118616805225425 0.316304780971695 0.651292059268674 0.775981185296654 0.527971578206695 0.222207614548701 0.176568722699568 0.200282027600865 0.156676864098195 0.116039558274672 0.0989469835097108 0.0898971687276662 0.0843596905092781 0.0838789027686353 0.0767853407016156 0.101088106916081 0.129717287250364 0.117331012343487 0.102543433920974 0.0923963314973073 0.0796835445666943 0.0644362487381248 0.0535582558238315 0.0412680591861344 0.0351314833542347 0.0285574245114787 0.0246184248385099 0.0229947696439611 0.0211647156154695 0.0206164388785213 0.0192724834427591 0.0190721142753114 0.0179576337096411 0.0177693364369888 0.0152965911436794 0.0121310734597396 0.00977007798547324 0.00757812323436849 0.00729772838902765 0.00598849517858934
0 0 0 0 0 0 0 0 0 0 0 0 0 0 0 0 0 0 0 0.0214417090031139 0.0389382295505647 0.0322411906349185 0.0710373154620569 0.136620976236057 0.331120855151421 0.592731312969259 0.715053504580626 0.60835837729258 0.249591233275827 0.183288518023209 0.198153064021927 0.145665408982452 0.119046943767509 0.102099750961374 0.0889165886308718 0.0813607465495345 0.0781968521299775 0.0755772691041943 0.0916848531829805 0.115145604386524 0.105934898003501 0.0920411897237689 0.0811942049277293 0.065858970879748 0.0572545921270064 0.048548027276246 0.0398324960880864 0.0332929794181131 0.0274235848082419 0.0242056802093572 0.022395854874503 0.0202703374174572 0.0192030124727448 0.0190597855613874 0.0163630521153455 0.0144209858656578 0.0156305160282381 0.0145108613945824 0.0114606680611424 0.00869470022575071 0.00518503548827212 0.0030274090103227 0.00477720322282994
