old_/env2.asc
NCOLS 265 
NROWS 340 
XLLCORNER -3110163.8955 
YLLCORNER -3147031.214 
CELLSIZE 25000 
NODATA_value -9999 
[rows 96 to 119 of 340, columns 110 to 164 of 265]
0.424844063818455 0.49320144765079 0.662731813266873 0.720274116843939 0.857195194810629 0.500413244590163 0.682192623615265 0.419792007654905 0.408191438764334 0.328868566080928 0.454146495088935 0.531550815328956 0.727139137685299 0.444448947906494 0.244948684237897 0.367952625267208 0.265368815511465 0.145295499358326 0.227769127115607 0.378114305436611 0.600173119455576 0.430211199447513 0.590267515741289 0.404392492957413 0.122890463564545 0.121102248318493 0.106842049397528 0.0665092528797686 0.0702099893242121 0.0649126176722348 0.0791816506534815 0.0889718988910317 0.149270659778267 0.290844001807272 0.419636366888881 0.187969686463475 0.251388689503074 0.705398365855217 0.24963943939656 0.232091317884624 0.5975626334548 0.0623128863517195 0.0471840859390795 0.281055939383805 0.058884744066745 0.136706137564033 0.181723992805928 0.617409814149141 0.0553894443437457 0.0704049743362702 0.0324832645128481 0.125501569826156 0.149923311080784 0.0545450318604708 0.276818187907338
0.500642305240035 0.443210013210773 0.5347840487957 0.910606887191534 0.537022046744823 0.466674495488405 0.286265306174755 0.366201806813478 0.399448001757264 0.442494498565793 0.424182882532477 0.521264059469104 0.826461050659418 0.364324185997248 0.302743691951036 0.199056750163436 0.289560684002936 0.287449554540217 0.275015755556524 0.450911995023489 0.457817075774074 0.4972328171134 0.306393941864371 0.19161593914032 0.12465411471203 0.0841862061060965 0.095950239803642 0.0681730443611741 0.055876086698845 0.0411008382216096 0.0529547687619925 0.196325000375509 0.109110974241048 0.241858397610486 0.278246568515897 0.0904127752874047 0.307187870144844 0.198140564374626 0.143295812420547 0.155239901505411 0.314870000816882 0.0950174804311246 0.0429034325061366 0.11729538673535 0.0250840375083499 0.162666270043701 0.0622177992481738 0.0606592127587646 0.44756536744535 0.0517535288236104 0.0354201565496624 0.193113618763164 0.305644746869802 0.090444054454565 0.138656623195857
0.410775443539023 0.404863623902202 0.817898854613304 0.726510321721435 0.430725812911987 0.300499437376857 0.304071502760053 0.310616258531809 0.4582274928689 0.47372012026608 0.509009918197989 0.433517621830106 0.47549036052078 0.159250752069056 0.25817268807441 0.258411002345383 0.263440316542983 0.345140820369124 0.405205242335796 0.636224120855331 0.450752876698971 0.73692237585783 0.437028368934989 0.377696072682738 0.212704497389495 0.0937376129440963 0.0915587730705738 0.0644383556209505 0.0516168617177755 0.0286148507148027 0.0310257185483351 0.0567573641892523 0.048624511808157 0.135673020035028 0.168064516503364 0.11593826324679 0.387245237827301 0.222084064036608 0.0328956121229567 0.0817423104308546 0.197159564122558 0.341190635692328 0.086940907407552 0.0450282860547304 0.0195207876968198 0.0531005179509521 0.0183013749192469 0.0336396058555692 0.0204569934867322 0.0667886171722785 0.160530128516257 0.272305996157229 0.255314622540027 0.163688111351803 0.196173460688442
0.380118496716022 0.760422004386783 0.771051935851574 0.345373686403036 0.346567256376147 0.306544870138168 0.242470185272396 0.342634936794639 0.406572626903653 0.371372688561678 0.41503276117146 0.430636124685407 0.188208368606865 0.124084254726768 0.233756376430392 0.151084876619279 0.214822687208652 0.225156873464584 0.389295069500804 0.60647789016366 0.222192002460361 0.471567996777594 0.792224867269397 0.372576743364334 0.358145683072507 0.0552509931148961 0.0271808062680066 0.0492575869429857 0.0561984179075807 0.0234337878646329 0.0474814742337912 0.0256204939214513 0.0560391324106604 0.0658842492848635 0.170266028027982 0.0588482443708926 0.294605445116758 0.079348680563271 0.0403786180540919 0.0500926934182644 0.169856771826744 0.196613069158047 0.0332654198864475 0.0171736879274249 0.0517350795562379 0.0611508454894647 0.0320427006809041 0.322518000379205 0.0819855362642556 0.0894947052001953 0.0534158810623921 0.289865240454674 0.272564840037376 0.0478622803930193 0.041331775020808
0.535241942852736 0.859897438436747 0.416199244558811 0.324987936764956 0.424069115892053 0.3042136952281 0.339266432449222 0.375958181917667 0.406573947519064 0.367646379396319 0.41282768920064 0.608020855113864 0.153674784582108 0.218630874529481 0.170833410229534 0.0803607115522027 0.118880141992122 0.111124674323946 0.209418654209003 0.183175903279334 0.152440064121038 0.372930150479078 0.753220446407795 0.592996127903461 0.277467814274132 0.173292061313987 0.0317269001388922 0.029820756521076 0.0349900128785521 0.0302639618748799 0.0250464307027869 0.0468583425972611 0.0328620739746839 0.0171309562865645 0.164919433183968 0.0197677122778259 0.073210385395214 0.105736469384283 0.0415073183830827 0.0581254384014755 0.108867818489671 0.0797592208255082 0.138214193750173 0.0156728565925732 0.0170257752761245 0.107708321069367 0.156733326148242 0.0433193995850161 0.0246853184653446 0.0690349816577509 0.277138877660036 0.62574362847954 0.0990596637129784 0.179330233484507 0.0735672889277339
0.385565934702754 0.833553746342659 0.461921248584986 0.3738456312567 0.385816505178809 0.25696318782866 0.304550694301724 0.327583318576217 0.328181432560086 0.333711177110672 0.458633871749043 0.468253495171666 0.0981666734442115 0.224641311448067 0.198824780527502 0.0673174615949392 0.109715470578521 0.112404949963093 0.0735858604311943 0.117455916013569 0.273735868744552 0.395779496058822 0.6350616235286 0.412516687065363 0.378488691523671 0.426542492583394 0.15933710988611 0.0429690638557076 0.0382032804191113 0.0169038997264579 0.0174441003473476 0.0232037561945617 0.0110060730949044 0.0399389868834987 0.0738606087397784 0.0316933625726961 0.0828648209571838 0.101702298503369 0.0709875936154276 0.0478642068337649 0.0678885006345809 0.050996100762859 0.278544000349939 0.0834063305519521 0.0147539937752299 0.0246202435228042 0.0635880555491894 0.041171487653628 0.0223557681892998 0.0193632682203315 0.103093194891699 0.07338942354545 0.350562129169703 0.077921187505126 0.131994085386395
0.369799686595798 0.736006859689951 0.367407681420445 0.301953252404928 0.380190305411816 0.305577255785465 0.311778688803315 0.399916939437389 0.379655435681343 0.345635499805212 0.397485503926873 0.243481054902077 0.438035432249308 0.483849002048373 0.222129873931408 0.119024875108153 0.104827230330557 0.19894406106323 0.145298615563661 0.10479863313958 0.278648492880166 0.513026796281338 0.46577893011272 0.36427619215101 0.403223054483533 0.408981878310442 0.200139316730201 0.158961502369493 0.0102979014045559 0.0188658160623163 0.0258812308893539 0.0112500330433249 0.0135861113667488 0.0105344262556173 0.0787449490744621 0.0440342505462468 0.0886587733402848 0.0714240146335214 0.0593336869496852 0.033566981786862 0.0532779616769403 0.0304691747296602 0.042692982358858 0.0792761568445712 0.0169391999952495 0.0771483870921656 0.374707556329668 0.0717715302016586 0.0382640431635082 0.0882754174526781 0.0226815122878179 0.0415822635404766 0.2185207339935 0.0393753803800792 0.0251929319929332
0.274509429931641 0.731464449316263 0.474886046722531 0.252680939622223 0.276526820845902 0.311209561303258 0.485234998166561 0.274011682718992 0.391294620931149 0.511100364848971 0.16557393129915 0.126180940307677 0.258091443218291 0.317071873694658 0.281171247363091 0.105080356355757 0.219892126973718 0.288855185732245 0.0670170064549893 0.159005664754659 0.432867247611284 0.656852627173066 0.409337127581239 0.380875246599317 0.432537810876966 0.417732939124107 0.27274162042886 0.234708188101649 0.0255775923724286 0.0313232241896912 0.0157460495247506 0.0227797438856214 0.0237662005238235 0.0178786846809089 0.0310763689922169 0.0218945308588445 0.0772225337568671 0.0609904115553945 0.0200462191132829 0.0410558925941586 0.0126988811534829 0.102647696156055 0.122322235023603 0.229607617948204 0.214021827327088 0.0664434008067474 0.0631584629882127 0.0483756435569376 0.101800396805629 0.0285167436813936 0.0286777684814297 0.0240457186591811 0.139322034316137 0.09214275656268 0.0813083571847528
0.575965626165271 0.569046074524522 0.413712320849299 0.300327749922872 0.279685120098293 0.302411815151572 0.355926243588328 0.436413755640388 0.355695871636271 0.431786939501762 0.42278931196779 0.141393999569118 0.257580257952213 0.195069691166282 0.459904424846172 0.334732307121158 0.22238237503916 0.150006250478327 0.0798253733664751 0.187000247649848 0.366227753460407 0.475754564628005 0.459930745884776 0.339530998840928 0.696742679923773 0.464020371437073 0.0769100252073258 0.174685751087964 0.0564375622197986 0.0433222383726388 0.0182147125015035 0.00649960234295577 0.0098309475579299 0.0217977819265798 0.0263950760127045 0.0193299440143164 0.00972747523337603 0.0432239873916842 0.0249349313089624 0.0215496499440633 0.0323942879913375 0.262997745536268 0.362767685204744 0.167326630558819 0.158809872344136 0.118443859741092 0.194261746946722 0.0721257829573005 0.0444695367477834 0.0433837124146521 0.0304441683110781 0.14257727866061 0.258317199768499 0.171149636385962 0.162019608542323
0.264689625240862 0.303480003029108 0.373183753341436 0.554697686806321 0.336380310356617 0.484402440488338 0.263757689855993 0.380856119096279 0.342074820771813 0.299566060304642 0.712903121486306 0.305446743965149 0.326943125575781 0.218500688672066 0.336706252768636 0.472895134240389 0.584442369639874 0.237806752789766 0.229604492895305 0.331555757671595 0.200205999426544 0.320242123678327 0.374090000987053 0.418025311082602 0.626874819397926 0.528326822444797 0.0730149196460843 0.111568592488766 0.133708192501217 0.117827533744276 0.0739776364061981 0.044237911934033 0.0208820284169633 0.00793634177534841 0.0230826184852049 0.0331965810619295 0.016026237164624 0.0300667182309553 0.0189957692637108 0.0174982434255071 0.0619348317850381 0.227677246555686 0.250950313173234 0.0707097947597504 0.166666122153401 0.298741816543043 0.342817813856527 0.0369115301873535 0.083665776764974 0.119357073213905 0.0644941575592384 0.207466188818216 0.162417718674988 0.024448512471281 0.0114887916715816
0.290700251236558 0.232603870332241 0.359623808413744 0.440313810482621 0.771264994516969 0.27858492732048 0.353180440142751 0.40063700824976 0.424735000357032 0.340920427814126 0.525083368644118 0.365083888173103 0.305182628333569 0.241379372309893 0.257262631319463 0.18931281240657 0.486444115638733 0.523200122639537 0.209875558502972 0.363015316426754 0.278427440673113 0.414630556479096 0.327566243708134 0.30757862329483 0.267180184833705 0.392061311751604 0.46934599429369 0.454970687627792 0.275826252996922 0.250450998544693 0.174052068032324 0.153450937476009 0.126449425239116 0.0558962128125131 0.0124652679660358 0.0128109162906185 0.0221152426674962 0.0294926428468898 0.0160506494576111 0.0276095193112269 0.121107061393559 0.131927877664566 0.264942122623324 0.177149125840515 0.053990087704733 0.0951990382745862 0.328218000009656 0.419032048434019 0.0632816308643669 0.0513888127170503 0.0433732314268127 0.270494939759374 0.0388977492693812 0.122668651747517 0.0400983311701566
0.341917004436255 0.167292937636375 0.39559668675065 0.307894820347428 0.531756062060595 0.833205133676529 0.691193610429764 0.77356493845582 0.504432806745172 0.317783067002892 0.469617621973157 0.563801430165768 0.297769241034985 0.346008684486151 0.22904275264591 0.316958994604647 0.583644138649106 0.61072650551796 0.17845700122416 0.137539972551167 0.463424807414412 0.199277624487877 0.256561249494553 0.200177816674113 0.299770180135965 0.504570806398988 0.648108193650842 0.334743376821279 0.520155383273959 0.531973075121641 0.503707939758897 0.436936946585774 0.134956378955394 0.0402485008817166 0.0228870443534106 0.0411407559877262 0.0421697432175279 0.0351098752580583 0.00777587492484599 0.0374008505605161 0.0761086475104094 0.102468103636056 0.206155937165022 0.205982815474272 0.019313893863 0.217731472104788 0.38981775380671 0.632684012874961 0.324565842049196 0.0724931054282933 0.0129768563201651 0.278958321548998 0.127553887781687 0.0241117998957634 0.075321713113226
0.400621684268117 0.285039876587689 0.26991530507803 0.394929682835937 0.424452632665634 0.347474312409759 0.445237122476101 0.759565308690071 0.543924763798714 0.510679056867957 0.558038571849465 0.865443635731936 0.361901633441448 0.394414182752371 0.329159628599882 0.325400128029287 0.618209071457386 0.423776624724269 0.210133845917881 0.218433933099732 0.608455047011375 0.23216849938035 0.136314257979393 0.107964139431715 0.0991292172111571 0.168716943822801 0.166383804753423 0.510120422579348 0.403524834662676 0.317210000008345 0.398357257246971 0.463173121213913 0.336947932839394 0.108228908851743 0.0577164941933006 0.0350527005502954 0.0299639247823507 0.0217831004410982 0.0123463811178226 0.0443031368777156 0.0659487314987928 0.102081770077348 0.211162186227739 0.13787275319919 0.0253890996100381 0.0589894617442042 0.0451776129193604 0.143420531880111 0.396126459818333 0.172992976848036 0.0237767692888156 0.159847843693569 0.138401347212493 0.0310025193030015 0.0377644872060046
0.38017500191927 0.38681926112622 0.304648315533996 0.3191177546978 0.322446685284376 0.33330987021327 0.391025690361857 0.398209381848574 0.525564568117261 0.462481183931231 0.449912058189511 0.805353447794914 0.662366688251495 0.42930756509304 0.342152115888894 0.207354567013681 0.799743574112654 0.635100394487381 0.217723864596337 0.211162009742111 0.703949499875307 0.803187560290098 0.471187949180603 0.182443628553301 0.0582399070262909 0.196202500723302 0.127878953702748 0.0864456226117909 0.253038502298295 0.368449178524315 0.218978562392294 0.404322378337383 0.440323764458299 0.203687438741326 0.315788683947176 0.0990297079551965 0.0734608126804233 0.0217775251949206 0.0237855871673673 0.0579117077868432 0.0723576960153878 0.14396935608238 0.140327372122556 0.100710639730096 0.0567500190809369 0.0593031116295606 0.0231425750534981 0.148742952849716 0.344762815162539 0.359604123048484 0.0681718374835327 0.0938658509403467 0.142754978965968 0.0325926807709038 0.209054433740675
0.433429807424545 0.357057932764292 0.381798692047596 0.286917256191373 0.188708753325045 0.215783936437219 0.761530000716448 0.595522066578269 0.600581761449575 0.468950863927603 0.287663999944925 0.864978414028883 0.626468615606427 0.388369070366025 0.304757752455771 0.434735434129834 0.795625921338797 0.467264069244266 0.0948309868108481 0.122436968144029 0.463127300143242 0.736790560185909 0.413417245261371 0.208339439705014 0.0562278451398015 0.116326586110517 0.219158561900258 0.155577935278416 0.246212373487651 0.567929431796074 0.718799505382776 0.357408130541444 0.144653138704598 0.225192566402256 0.174646025523543 0.0592001919867471 0.0445141328964382 0.00663288304349408 0.00805116380797699 0.0503665877040476 0.0775397359393537 0.0792007120326161 0.0955941444262862 0.0701866080053151 0.0426968825049698 0.186696183867753 0.276098447851837 0.216100563760847 0.338488819543272 0.111479373183101 0.0549459259491414 0.0215500378399156 0.062810656381771 0.0717870132066309 0.136510365176946
0.351904939860106 0.369006626307964 0.365722253918648 0.394301183521748 0.303366871550679 0.209722628351301 0.783436682075262 0.481715885922313 0.384431244805455 0.503537625074387 0.598201114684343 0.695355005562305 0.686054635792971 0.526989573612809 0.52988500520587 0.276429995894432 0.795586433261633 0.892549484968185 0.328978382050991 0.252901940606534 0.348963754251599 0.574085047468543 0.671599315479398 0.283015696331859 0.177620684728026 0.133856937754899 0.129600378219038 0.302026320248842 0.193816994316876 0.518154980614781 0.578226808458567 0.516045270487666 0.871437264606357 0.64995488524437 0.266430156771094 0.038628936978057 0.0232178263831884 0.0077299342956394 0.00773216670495458 0.0323662818991579 0.0566415686625987 0.0657203756272793 0.0764370316173881 0.0855792893562466 0.0762683260254562 0.199147936422378 0.597643751651049 0.675429802387953 0.471643687225878 0.123554912861437 0.131188460858539 0.0331025318009779 0.0579445080365986 0.208340807585046 0.233983682468534
0.181442190892994 0.346881691366434 0.293120556045324 0.382310258224607 0.440870000049472 0.605527115985751 0.356237440370023 0.107012199237943 0.149756342172623 0.0698643268551677 0.64868750795722 0.885114118456841 0.860418371856213 0.579030618071556 0.256719436496496 0.26721231546253 0.363172629848123 0.578603940084577 0.698111921548843 0.281244818121195 0.369337761774659 0.72858783043921 0.256761615164578 0.112121130805463 0.15985706448555 0.0958320256322622 0.153569259215146 0.377154629677534 0.314704308286309 0.487085809931159 0.239383495412767 0.24227249622345 0.575669504702091 0.953015737235546 0.595064509660006 0.261684001423419 0.122556211310439 0.0184790815110318 0.0157881750492379 0.0107954538543709 0.0671672360040247 0.0633757992181927 0.0610488755628467 0.0679887076839805 0.248308930546045 0.254913941957057 0.251853622496128 0.568400871008635 0.188984378241003 0.223468878306448 0.0689606268424541 0.0376112684607506 0.266362250782549 0.32468050532043 0.268643306568265
0.170410437509418 0.130422498565167 0.298751693218946 0.395533569157124 0.577811319380999 0.390814432874322 0.822995632886887 0.104179666377604 0.0480024246498942 0.402283378876746 0.672660507261753 0.85666236281395 0.834303699433804 0.38050713762641 0.201535812579095 0.200854251161218 0.455978201702237 0.443957511335611 0.208056748844683 0.2837696922943 0.507693430408835 0.917864743620157 0.432916812598705 0.234816817566752 0.0937096944544464 0.0614583678543568 0.0965757148806006 0.146808324381709 0.201884691603482 0.22769006434828 0.187177556566894 0.542104752734303 0.852926939725876 0.876968197524548 0.674421682953835 0.419512376189232 0.301112130284309 0.0271561500849202 0.0141435936675407 0.0243610627949238 0.0369312814436853 0.0491156694479287 0.12190276524052 0.25209343386814 0.473606120795012 0.224982186220586 0.227620377205312 0.311870437115431 0.276144430041313 0.427954245358706 0.284647014457732 0.0744489675853401 0.311790240928531 0.307354252785444 0.282226379960775
0.276139132678509 0.116416814271361 0.112195256631821 0.455515440553427 0.355111805722117 0.53757618367672 0.397614121437073 0.210085689090192 0.0585719174705446 0.406456380616873 0.301549128256738 0.448952107690275 0.225019870325923 0.180670564994216 0.48917699418962 0.478918191045523 0.362771187908947 0.689539913088083 0.237926063127816 0.205615128390491 0.543047484010458 0.78418643027544 0.498100174590945 0.151962083298713 0.180444559082389 0.311559126712382 0.531915018334985 0.461713129654527 0.315658619627357 0.205938871018589 0.204780247062445 0.843384265899658 0.645545579493046 0.576039938256145 0.412655739113688 0.253925185650587 0.174581396393478 0.198044560849667 0.0543376873247325 0.0739350125659257 0.0473627625033259 0.0688656496349722 0.145253564231098 0.212435869500041 0.35022594127804 0.214257563464344 0.197984375059605 0.176574749872088 0.408249882981181 0.319035690277815 0.180446248501539 0.145159929059446 0.376147566363215 0.342346254736185 0.404573319479823
0.270099494606257 0.120987194124609 0.346615444868803 0.160219999030232 0.297142378985882 0.777756258845329 0.952575691044331 0.281427130103111 0.0573452378157526 0.174944251775742 0.158413918688893 0.486869307234883 0.35983168752864 0.131393378600478 0.256923435255885 0.466316562145948 0.484700366854668 0.484365055337548 0.308907498605549 0.262178534176201 0.269211312755942 0.885428328067064 0.724284328520298 0.64987182430923 0.264590001665056 0.130949751939625 0.235211249440908 0.298944881185889 0.44773437269032 0.333558996208012 0.355017815716565 0.734057690948248 0.427213117480278 0.593951370567083 0.247483631595969 0.0782622750848532 0.160963540896773 0.115188339259475 0.114325457718223 0.163944253697991 0.126991568598896 0.0853597507812083 0.128806248307228 0.256150493398309 0.226906565017998 0.194231124594808 0.176448192913085 0.225579377263784 0.206867246888578 0.362101492471993 0.0384727620985359 0.039181437692605 0.273671498522162 0.550245359539986 0.644276328384876
0.207734437659383 0.474378131330013 0.180522294249386 0.197024938650429 0.254136307165027 0.867071613669395 0.871706366539001 0.135345635004342 0.0732938947621733 0.225563695654273 0.161140500567853 0.259818243794143 0.293099632486701 0.127159500028938 0.230497564189136 0.257868384942412 0.363479364663363 0.573110818862915 0.449316745623946 0.49595919251442 0.419030258432031 0.942770510911942 0.439674314111471 0.858857173472643 0.784119475632906 0.437337372452021 0.167988811153919 0.135704050306231 0.283971503376961 0.299517871811986 0.322891877964139 0.592420447617769 0.349674625322223 0.318701987154782 0.236549063585699 0.160542933270335 0.30761618539691 0.148452313151211 0.225550502538681 0.180969377048314 0.156413624994457 0.130760561674833 0.1256148731336 0.282173935323954 0.305374632589519 0.160267689265311 0.170442876406014 0.205017688684166 0.19015256036073 0.276575869880617 0.143359498586506 0.342739310115576 0.199316248297691 0.204752376303077 0.52934543043375
0.142833438701928 0.333332316949964 0.376145565882325 0.36412244476378 0.772897493094206 0.729531358927488 0.774205008521676 0.113198775332421 0.237413067370653 0.214269940275699 0.0875969917979091 0.0708950264379382 0.159368441905826 0.0810522383544594 0.0727538941428065 0.195331065915525 0.191380562260747 0.308708567172289 0.145000603981316 0.227003378793597 0.316489688120782 0.736568048596382 0.524625701829791 0.451568451710045 0.870735872536898 0.198128885123879 0.334832428023219 0.381359864026308 0.324575936421752 0.116965655237436 0.26802475284785 0.493569619953632 0.608218751847744 0.718726232647896 0.749742997810245 0.392089622095227 0.421863427385688 0.295751940459013 0.249523628503084 0.218031440861523 0.201522872783244 0.356484306976199 0.386006304994226 0.278576934710145 0.211367126554251 0.201858062297106 0.21030243486166 0.255699807778001 0.241515628993511 0.180605999194086 0.12322392128408 0.111888055689633 0.135248873848468 0.223496566526592 0.450571242719889
0.256595253013074 0.46280375868082 0.367770071141422 0.43272356223315 0.74983449652791 0.899707954376936 0.98038300126791 0.66793043538928 0.591098949313164 0.300570937804878 0.0641849001403898 0.0181328434264287 0.0520593924447894 0.0368414574768394 0.0476171576883644 0.160230217967182 0.183927250560373 0.173449127934873 0.0844679065048695 0.267397812567651 0.470826555043459 0.795775555074215 0.815036632120609 0.466521244496107 0.782577253878117 0.660223137587309 0.218336435034871 0.319563688710332 0.395109873265028 0.406175695359707 0.376347366720438 0.468038881197572 0.454778244718909 0.86909656971693 0.417580941691995 0.339145192876458 0.323572564870119 0.182146939449012 0.21764499694109 0.256678632460535 0.23452650103718 0.252439433708787 0.296115309000015 0.368145121261477 0.225041880272329 0.218201505020261 0.145191081333905 0.264140697196126 0.415603499859571 0.260325129143894 0.194491810165346 0.105897889006883 0.161216060630977 0.319136055186391 0.433241891674697
0.437125938013196 0.424452187027782 0.455261308699846 0.354877882637084 0.214416374452412 0.601932197809219 0.745567321777344 0.690394815057516 0.638800986111164 0.679116886109114 0.378724422305822 0.0622575249290094 0.0282620624639094 0.0577748734503984 0.172948479186743 0.411433682776988 0.441072376444936 0.432126680389047 0.264233129099011 0.398890681564808 0.364408880472183 0.607391064986587 0.867349304258823 0.418000245466828 0.501729240640998 0.912010688334703 0.318331940099597 0.374377062544227 0.229414501227438 0.332190317101777 0.353759514167905 0.159626689739525 0.685105506330729 0.57128987647593 0.137383569497615 0.278966497629881 0.312974432483315 0.178717375732958 0.234721129760146 0.22685369104147 0.261982504278421 0.317870566621423 0.388832309283316 0.269330749288201 0.243612812831998 0.280364062637091 0.292329194955528 0.14230106305331 0.378857497125864 0.279696497134864 0.263201060704887 0.146006253547966 0.163504934869707 0.405796002596617 0.228149056434631
