old_/env2.asc
NCOLS 265 
NROWS 340 
XLLCORNER -3110163.8955 
YLLCORNER -3147031.214 
CELLSIZE 25000 
NODATA_value -9999 
[rows 144 to 167 of 340, columns 165 to 219 of 265]
0.0131842249538749 0.00496337182994466 0.0132104332442395 0.014834483503364 0.00744529609801248 0.0195281626656651 0.0146308624534868 0.0135528563405387 0.00695963070029393 0.00723570326226763 0.0173586503369734 0.0142422558856197 0.00882946548517793 0.00950270402245224 0.0050869630795205 0.0104009787319228 0.00985838391352445 0.00727634751820005 0.0158632629318163 0.00445370440138504 0.0065755905379774 0.0106852289754897 0.00896483438555151 0.00568020550417714 0.00142861763742985 0.000251043868047418 0.00489035346618039 0.000546064762602327 0.00195768522826256 0.00103351136931451 0.000652651948257699 0.000563035878258233 0.000222889997530729 0.00033975256337726 0.000361502692612703 0.000459139871963998 0.000374674371414585 0.000411965740568121 0.000799209487013286 0.000618709451373434 4.37825492554111e-05 9.01074190551299e-05 0.0120030049292836 0.0459847305901349 0.132933252491057 0.998183760792017 0.329138117842376 -9999 -9999 -9999 -9999 -9999 -9999 -9999 -9999
0.0130787872476503 0.00562237997655757 0.00893642628216185 0.0131128909415565 0.0141675876220688 0.0152255372377113 0.0225519001251087 0.014252525405027 0.0106944561703131 0.0267337568220682 0.0210764750372618 0.00898909056559205 0.00903447830933146 0.0186745875398628 0.00740172920632176 0.00534661751589738 0.00522666315373499 0.018746231100522 0.0124504061532207 0.00800115086894948 0.0147275064955465 0.00447527058713604 0.00508167239604518 0.00533378793625161 0.00239283743576379 0.000930010011870763 0.00290001496614423 0.000844193305965746 0.00332237557449844 0.00047663293662481 0.00114804747136077 0.000446643247414613 0.000373662747733761 0.000278461687230447 0.000237169196225295 0.000411592747695977 0.000386276122299023 0.00141189453643165 0.00416581514582504 0.00255559816287132 0.00173321574220608 0.0156678397033829 0.0132392830128083 0.139926816569641 0.555771315470338 0.925200004130602 -9999 -9999 -9999 -9999 -9999 -9999 -9999 -9999 -9999
0.0103618982539047 0.00852483313065022 0.0113901591394097 0.0126130751450546 0.0131843062117696 0.0152056514052674 0.0134922488941811 0.0146063814172521 0.00855820052674972 0.0350778880529106 0.0220636628801003 0.00711355629027821 0.00566626311047003 0.0274791634292342 0.00642535134102218 0.00915832060854882 0.00586844957069843 0.0153080376330763 0.0222381308558397 0.0168857566895895 0.0287624995689839 0.00497573308530264 0.00519395992159843 0.00598538320627995 0.00193290498282295 0.00318590504321037 0.00081929845691775 0.00117099644921836 0.000881555413798196 0.000596163175941911 0.00082498048141133 0.000683380505506648 0.000519253882885096 0.000612204057688359 0.000523801255440048 0.00118524906429229 0.00554877618560567 0.00285182167135645 0.00146814859181177 0.00028947397504453 0.00319663680738813 0.00583182679838501 0.0319962814683095 0.107719393912703 0.417902506887913 -9999 -9999 -9999 -9999 -9999 -9999 -9999 -9999 -9999 -9999
0.0346222691005096 0.0139449794078246 0.0200656531378627 0.0143360564252362 0.0198793248855509 0.0147257427452132 0.0117757705738768 0.0190049282391556 0.0364184337668121 0.0357004127581604 0.0126011378015392 0.00759857124648988 0.00445524550741538 0.0187994135776535 0.00931200251216069 0.0134258383768611 0.0315001624403521 0.0341118631185964 0.0240041371434927 0.0102653410867788 0.0111308342893608 0.0115616983530344 0.00290112249786034 0.00232616993162083 0.00169419440499041 0.00219355437002378 0.000968270196608501 0.00112950827315217 0.000825408944365336 0.000640236186882248 0.000534061432517774 0.000746789801269188 0.0034795706596924 0.000797113701992203 0.000877502314324374 0.000868442082719412 0.00110946725544636 0.000452441754532629 0.000747504494938767 0.000707181396137457 0.00150907060742611 0.0201613755198196 0.0404450567439199 0.0791299822740257 0.760766256600618 -9999 -9999 -9999 -9999 -9999 -9999 -9999 -9999 -9999 -9999
0.0272908746264875 0.0337800290435553 0.0101151360431686 0.0197242998983711 0.0140250939875841 0.0234389503020793 0.0182325663627125 0.0157868534442969 0.0217577610746957 0.00844441456138156 0.0161961578414775 0.0286291437223554 0.00547685507626738 0.0164404996903613 0.00771460181567818 0.00819231633795425 0.013944543665275 0.0143705934169702 0.00802563066827133 0.01269382488681 0.0163797836285084 0.00252009217365412 0.00766440443112515 0.00400264869676903 0.00496273437602213 0.00532677670707926 0.000639918507658876 0.0014072262274567 0.000805718431365676 0.000878227441717172 0.000751254145143321 0.000557055243916693 0.00089997963004862 0.000365558376870467 0.000625645821855869 0.000597445938183228 0.000585611942369724 0.00109487806184916 0.000959884553594748 0.00178952940041199 0.00190975811710814 0.0175416626734659 0.0487796179950237 0.119234305806458 0.776110116392374 -9999 -9999 -9999 -9999 -9999 -9999 -9999 -9999 -9999 -9999
0.0651359290350229 0.0279066501534544 0.0128749220166355 0.0185537812067196 0.0210923503618687 0.0145616560475901 0.0163544043316506 0.0119974524714053 0.00579661762458272 0.0090037050540559 0.0204284371575341 0.0159855438396335 0.0138618867931655 0.0155972553766333 0.00711254814814311 0.0207326044328511 0.0126895495923236 0.00854008848546073 0.0105803316982929 0.0207380202773493 0.0221136060426943 0.00923598193912767 0.00463659114029724 0.00517619549646042 0.00535855430644006 0.00481540511827916 0.00127994658396346 0.000867799953994108 0.00100593432216556 0.000944239895034116 0.00091176417117822 0.000537686519237468 0.000657511129247723 0.000671234494802775 0.000902872307051439 0.000932402301259572 0.00105393246849417 0.00309210183331743 0.00355436569952872 0.00159413125948049 0.00410044124873821 0.0221924935467541 0.0362976756878197 0.218243609182537 0.219090712722391 -9999 -9999 -9999 -9999 -9999 -9999 -9999 -9999 -9999 -9999
0.0444399553816766 0.0558872758410871 0.0237012064899318 0.0137403434491716 0.0110798251116648 0.0137609624071047 0.0131302500376478 0.0122172123519704 0.0120726051973179 0.0104599473415874 0.026492387522012 0.00723271246533841 0.00609429014730267 0.0189761621877551 0.0100297796889208 0.011737281398382 0.00966448237886652 0.0077891783148516 0.0160696328966878 0.0114148701832164 0.00639660636079498 0.00843576862098416 0.00598307423206279 0.00374168805137742 0.00218030066025676 0.00205343742709374 0.00137462937709643 0.00126207693756442 0.00106758158290177 0.00103294260043185 0.00100344354359549 0.00104000850478769 0.000741269250283949 0.0013920631390647 0.00140479121910175 0.00149356374458876 0.0012243606033735 0.00422348004940432 0.00842889558407478 0.00557352500618435 0.00851196824805811 0.0195752503350377 0.0569974881364033 0.392107378691435 0.0368220504606143 -9999 -9999 -9999 -9999 -9999 -9999 -9999 -9999 -9999 -9999
0.0606529987417161 0.0422329681459814 0.0280598683748394 0.00958546178299002 0.0139602313865907 0.00846744995214976 0.00793617637827992 0.0141840312862769 0.0146518250694498 0.00960299192229286 0.0174996753921732 0.00758562551345676 0.00612148005166091 0.00919583512586541 0.00558676125365309 0.00963951996527612 0.00873199623310938 0.0114897273015231 0.0119991378160194 0.0137888964382 0.00990634018671699 0.00732582635828294 0.00265141688578296 0.002631931216456 0.0015177775057964 0.00180664057552349 0.00150582935748389 0.000957832515268819 0.00109587486440432 0.00133320258100866 0.000991117736703018 0.00167731685360195 0.00145453624281799 0.00119796190119814 0.00214822692942107 0.00434230679820757 0.00349678687052801 0.00558651002938859 0.00511568682850339 0.0298860645852983 0.0117119312053546 0.0201120811980218 0.339412680827081 0.430986995343119 -9999 -9999 -9999 -9999 -9999 -9999 -9999 -9999 -9999 -9999 -9999
0.0524695615749806 0.0537886617239565 0.048608056968078 0.066101354546845 0.0476279385620728 0.0222934945486486 0.0270771626383066 0.0103786499821581 0.0417030386161059 0.0170334565336816 0.0130452725570649 0.0114132782618981 0.0146853996557184 0.00688812814769335 0.00758480446529575 0.00689504499314353 0.0107604134827852 0.0077928394312039 0.0101925957133062 0.00745334368548356 0.00881335095618851 0.00661575741833076 0.0024534885014873 0.00455384133238113 0.00200780566956382 0.00167924251582008 0.00135137125471374 0.00116654502198799 0.00126765938330209 0.00138958189927507 0.00161498498346191 0.00134115752007347 0.00135928001691354 0.00133056125923758 0.00224274185893591 0.00525725065381266 0.00500479323090985 0.0092243067920208 0.00333540998690296 0.0231031937291846 0.0464878939092159 0.0667102120351046 0.330911125522107 0.299157369416207 -9999 -9999 -9999 -9999 -9999 -9999 -9999 -9999 -9999 -9999 -9999
0.0629097551573068 0.0739970174618065 0.0639273391570896 0.0304560814402066 0.0529095744714141 0.0129791797080543 0.0099815207940992 0.0155042437836528 0.0196080249734223 0.0130254760733806 0.00875190238002688 0.010763788712211 0.0094927761820145 0.0041780357278185 0.00614029067219235 0.00635104181128554 0.00902409365517087 0.0112961400300264 0.0448313463130035 0.00872816925402731 0.00653736881213263 0.0106393595342524 0.012753437156789 0.00137511314096628 0.00219284380000317 0.00321133750549052 0.00204932062479202 0.00187808877672069 0.00170844066451536 0.00212830811506137 0.00192914064245997 0.00308612818480469 0.000990089938568417 0.00142513625905849 0.00200620622490533 0.00384021809441037 0.00417584176466335 0.00807521512615494 0.0392986805527471 0.018924118950963 0.0531835129950196 0.159623267361894 0.394072126597166 0.105727810878307 -9999 -9999 -9999 -9999 -9999 -9999 -9999 -9999 -9999 -9999 -9999
0.0266142932232469 0.0434636551653966 0.0377341008279473 0.0319893937557936 0.0311727379448712 0.0337909242371097 0.0130674262472894 0.0151171651668847 0.0293583748862147 0.0221481879707426 0.00877280184067786 0.00659660168457776 0.00998854465433396 0.00947044795611873 0.00692325690761209 0.00697484245756641 0.00943726190598682 0.0151670500054024 0.0454114065505564 0.00524171187134925 0.00337799500266556 0.00936072051990777 0.00987120636273175 0.00182934315671446 0.00235105064348318 0.00404057434934657 0.00295185562572442 0.00260777243238408 0.0026659705908969 0.00284605621709488 0.00215145808761008 0.005411107398686 0.000798581113485852 0.00113876938848989 0.00120484621584183 0.0020743681161548 0.00286796438740566 0.00703597452957183 0.0507877196650952 0.067002494353801 0.188610811252147 0.569778241217136 0.0696197261568159 -9999 -9999 -9999 -9999 -9999 -9999 -9999 -9999 -9999 -9999 -9999 -9999
0.0270018932642415 0.0280033617746085 0.0159105421043932 0.036148774670437 0.0331878627184778 0.0307218119269237 0.0437903876882046 0.012450348760467 0.0264067438547499 0.015621374885086 0.0124857152695768 0.014863324991893 0.01213228009874 0.0147081667091697 0.00925820259726606 0.00739846439682878 0.00898586984840222 0.0170254681725055 0.0289269310887903 0.023197618953418 0.0134035719675012 0.0143550771754235 0.00745134733733721 0.00195223936316324 0.00302890810417011 0.00472386757610366 0.00341972929891199 0.00322141441574786 0.00381120818201452 0.003489758761134 0.00322054247953929 0.00625821186986286 0.00167542625422357 0.00109426865674322 0.00117245248839026 0.00179778817982879 0.00267165316472529 0.00780117959948257 0.0387903752271086 0.0274631814099848 0.256657746620476 0.264026904478669 -9999 -9999 -9999 -9999 -9999 -9999 -9999 -9999 -9999 -9999 -9999 -9999 -9999
0.00764671195065602 0.0212114249588922 0.0167203813325614 0.0215786750195548 0.0292262372095138 0.0407661363715306 0.0176371499546804 0.052447862457484 0.0261933374567889 0.0142857555183582 0.0117125845281407 0.00683483574539423 0.00970682123443112 0.00944104362861253 0.00625863196910359 0.00856941158417612 0.00828746741171926 0.0259650002699345 0.0291180062340572 0.0245840685674921 0.0079504843452014 0.00966195683577098 0.00629466137615964 0.00264949381380575 0.00369840674102306 0.00504609363269992 0.00312587743974291 0.0033935212995857 0.00296781257202383 0.00362960870552342 0.00423489241802599 0.0062676430970896 0.0043581724021351 0.00143090501660481 0.00132553126604762 0.00159671935398364 0.00737983055296354 0.0137882124981843 0.0286611440824345 0.0632602816913277 0.477611547335982 0.0216610003262758 -9999 -9999 -9999 -9999 -9999 -9999 -9999 -9999 -9999 -9999 -9999 -9999 -9999
0.0336460233083926 0.0374031631508842 0.016111494100187 0.0185386189259589 0.02985516237095 0.0173973497003317 0.0160693753277883 0.0288435622351244 0.0629516686312854 0.0297645065002143 0.0162693939637393 0.0127528625889681 0.0140074688242748 0.00809195643523708 0.0163039645412937 0.00955517112743109 0.00756995959091 0.0187803130829707 0.015558568877168 0.0148922189255245 0.0143255062866956 0.00654181362187956 0.00737956690136343 0.0037228543224046 0.0031552700093016 0.00734449230367318 0.00526228570379317 0.00513614123337902 0.00367837560770568 0.00583200121764094 0.011417661444284 0.014830595406238 0.0167877809144557 0.00402446447697002 0.00226420184480958 0.00240856126765721 0.00496187311364338 0.0166767062619328 0.0205656251637265 0.110152262263 0.463843798264861 -9999 -9999 -9999 -9999 -9999 -9999 -9999 -9999 -9999 -9999 -9999 -9999 -9999 -9999
0.0673477002419531 0.0496186939999461 0.0196405307506211 0.0166113315499388 0.0379998874850571 0.0219947057776153 0.0266099877189845 0.0352933992398903 0.0489323955844156 0.0183799556689337 0.0148852564161643 0.0123468186357059 0.0120301748393103 0.00897235877346247 0.00778075325069949 0.00994740886380896 0.00937593434355222 0.0138447689823806 0.0158314250875264 0.018416881270241 0.0183353250613436 0.00943666296370793 0.00869680376490578 0.00322015429264866 0.00357989811163861 0.00698673128499649 0.00498095320654102 0.00527689623413607 0.0069798675540369 0.00934095270349644 0.0111202924745157 0.00436357990838587 0.00423453008988872 0.0044977550060139 0.00709102643304504 0.00196506187785417 0.00839074960094877 0.0170328001258895 0.0362619871739298 0.251293748617172 0.138330039801076 -9999 -9999 -9999 -9999 -9999 -9999 -9999 -9999 -9999 -9999 -9999 -9999 -9999 -9999
0.0699303629808128 0.108932577073574 0.0611590431071818 0.0455977884121239 0.0519090741872787 0.0508341437671334 0.0491302940063179 0.0448124185204506 0.0123473247513175 0.0140373563626781 0.0124042993411422 0.0100103900767863 0.0127508938894607 0.00930952501948923 0.00791542499791831 0.00769827072508633 0.0109527331660502 0.0173438314232044 0.0107001111027785 0.00542515175766312 0.00543823445332237 0.00460864201886579 0.00492306554224342 0.00417542994546238 0.00317628250923008 0.00577394186984748 0.00575911486521363 0.0053370798996184 0.013315552379936 0.030051047593588 0.00454232191259507 0.00265019251673948 0.00187324504076969 0.0014028743680683 0.00998791703023016 0.00179842748912051 0.00965640280628577 0.0111326717305928 0.0597720316145569 0.490350501611829 0.0690142142120749 -9999 -9999 -9999 -9999 -9999 -9999 -9999 -9999 -9999 -9999 -9999 -9999 -9999 -9999
0.0432916572317481 0.0753438745159656 0.0719457298982888 0.0842368870507926 0.0962293623015285 0.0708931430708617 0.111231548711658 0.106174948159605 0.0316671496257186 0.0170876971678808 0.0195419814554043 0.0116346749709919 0.0112060812534764 0.00634005808387883 0.00999844481702894 0.0104500062880106 0.0121579002588987 0.0153953462431673 0.00728402996901423 0.00452373127336614 0.00545868184417486 0.00524188383133151 0.00463616567139979 0.00384758623840753 0.00544055820500944 0.00442193882190622 0.00536837193067186 0.00630554993404076 0.023597429797519 0.00904832618834917 0.00315384252462536 0.00295586069114506 0.00267267439630814 0.00188641622662544 0.00596189629868604 0.00309958157231449 0.0247961938148364 0.0343173440778628 0.0944206123240292 0.305862874723971 0.104558788705617 -9999 -9999 -9999 -9999 -9999 -9999 -9999 -9999 -9999 -9999 -9999 -9999 -9999 -9999
0.0353574570035562 0.0484634365420789 0.0790557824075222 0.0990775949321687 0.0618849319871515 0.0281885246513411 0.0692751491442323 0.0831152945756912 0.027819930925034 0.0235558755230159 0.0212473166757263 0.00679728866089135 0.0119269742281176 0.0104130851395894 0.00846774218371138 0.0119311943999492 0.0259296990116127 0.00585373569629155 0.00577346992213279 0.00573665185947903 0.00478153605945408 0.00741961866151541 0.00424286077031866 0.00647394251427613 0.00683565087092575 0.00727934611495584 0.00639059202512726 0.00550637260312214 0.0180454484652728 0.00244463625131175 0.0027374475466786 0.00386436554254033 0.00163083623920102 0.00149492023774656 0.00382860058743972 0.00955575582338497 0.00957138763624243 0.0317910817684606 0.207849311642349 0.208232746459544 0.030254868324846 -9999 -9999 -9999 -9999 -9999 -9999 -9999 -9999 -9999 -9999 -9999 -9999 -9999 -9999
0.0224434313131496 0.0306823309510946 0.0392983632627875 0.0461064382689074 0.0572440013056621 0.0772974303399678 0.062515705358237 0.0794192273169756 0.0232259944314137 0.0227885245112702 0.0219353558495641 0.0272598603696679 0.00861820636782795 0.0103076270897873 0.0110094236442819 0.00999759323894978 0.00596938739181496 0.00571630947524682 0.00629262495203875 0.00649751187302172 0.00442999054212123 0.00758398824837059 0.00347732001682743 0.00564987696998287 0.00795069278683513 0.00867687811842188 0.00427383385249414 0.0048342231020797 0.011915274139028 0.00189524560119025 0.00299867249850649 0.00297207683615852 0.00260917119157966 0.00273220382223371 0.00133481940429192 0.00574315736594144 0.00626180312247016 0.0706698382273316 0.375316366553307 -9999 -9999 -9999 -9999 -9999 -9999 -9999 -9999 -9999 -9999 -9999 -9999 -9999 -9999 -9999 -9999
0.0160486126551405 0.0205303059192374 0.0197517308406532 0.0147457438870333 0.0336871430044994 0.081427088327473 0.0470305762719363 0.0438708681613207 0.0286232937360182 0.0130577623494901 0.0122479875572026 0.014443637104705 0.0135036884748843 0.00996087392559275 0.0149734876467846 0.0103046781150624 0.0115324399666861 0.00481779806432314 0.0080250074097421 0.0072694874543231 0.00508548923244234 0.00698892236687243 0.00577385755605064 0.00439596694195643 0.00686307190335356 0.00709093554178253 0.00456202248460613 0.00620678428094834 0.00296256617002655 0.00239389191847295 0.00304719623818528 0.00309890253993217 0.00291100749745965 0.00383141120255459 0.00151479501073482 0.00374206628475804 0.00970007729483768 0.0776447106618434 0.361308133229613 -9999 -9999 -9999 -9999 -9999 -9999 -9999 -9999 -9999 -9999 -9999 -9999 -9999 -9999 -9999 -9999
0.0259873872855678 0.0177998939179815 0.0148852623533458 0.012764643644914 0.0148541316739284 0.0432127692038193 0.0390620062826201 0.0244949808111414 0.0194514496251941 0.0190672618919052 0.0109966843738221 0.00998544605681673 0.00961750926217064 0.0109501368715428 0.0149608732899651 0.00941045623039827 0.0120097049511969 0.00667908816831186 0.00679735504672863 0.00814838669612072 0.00872937822714448 0.00804693865939043 0.0047461463836953 0.00335037434706464 0.00472628933493979 0.00543371387175284 0.00430483883246779 0.00397073868953157 0.00254599496838637 0.00293505130684935 0.00306897998962086 0.00418336239818018 0.00363710490637459 0.00215092999860644 0.00337515688443091 0.00464189387275837 0.0157941181387287 0.223756527760997 -9999 -9999 -9999 -9999 -9999 -9999 -9999 -9999 -9999 -9999 -9999 -9999 -9999 -9999 -9999 -9999 -9999
0.0577486816328019 0.0257150249090046 0.0144800503621809 0.0110281750094146 0.00830591862904839 0.0258672370109707 0.0393172935582697 0.0312774311751127 0.014554240857251 0.0115392506122589 0.00945690920343623 0.00995976629201323 0.00868192728376016 0.0103944247821346 0.0267207036376931 0.0079712079023011 0.0157523946836591 0.0104562224587426 0.00647588178981096 0.00700848374981433 0.00736595678608865 0.00655857572564855 0.00537430812255479 0.00630871049361303 0.0044617551175179 0.00463241618126631 0.00379836696083657 0.00357534564682283 0.00252180814277381 0.00300513376714662 0.0027641780761769 0.00406604752060957 0.00322943818173371 0.00447682438243646 0.00444100626918953 0.00463712934288196 0.0395946927019395 0.058565620565787 -9999 -9999 -9999 -9999 -9999 -9999 -9999 -9999 -9999 -9999 -9999 -9999 -9999 -9999 -9999 -9999 -9999
0.0521821322618052 0.0232172376709059 0.0286001248750836 0.0192542567965575 0.00964689810643904 0.0205127251101658 0.0296159940771759 0.0148764940677211 0.0115359236369841 0.00807327692746185 0.0105653902282938 0.00541309319669381 0.00711560947820544 0.00480036629596725 0.00833785365102813 0.00551678135525435 0.0104297968209721 0.00919950619572774 0.00764895736938342 0.00722519319970161 0.00669556620414369 0.0056121269299183 0.00405278874677606 0.00587526004528627 0.00689552322728559 0.00552341941511258 0.00447700556833297 0.00267565315880347 0.00430846196832135 0.00314842999796383 0.00394998566480353 0.00454239003011025 0.0103773408191046 0.0362875871360302 0.00839190676924773 0.029493460431695 0.0547521012776997 -9999 -9999 -9999 -9999 -9999 -9999 -9999 -9999 -9999 -9999 -9999 -9999 -9999 -9999 -9999 -9999 -9999 -9999
0.0268352122511715 0.0415561627596617 0.0437499189283699 0.0319215997587889 0.0209519061027095 0.0198991619981825 0.02796650538221 0.0189443502167705 0.00742468374664895 0.0117243443964981 0.0116316993371584 0.00820860225940123 0.00906948070041835 0.00640943052712828 0.00645364623051137 0.00698318306240253 0.00556870628497563 0.00950320216361433 0.00759398573427461 0.0075653332460206 0.00837594381300732 0.00715877386392094 0.0049373013607692 0.00547425626427867 0.00731313120923005 0.00582467377535067 0.00794864937779494 0.00453251741419081 0.00633256882429123 0.015447122103069 0.0152192566893063 0.0110707492858637 0.0040752242639428 0.0299812745070085 0.0394346680259332 0.0581864599953406 -9999 -9999 -9999 -9999 -9999 -9999 -9999 -9999 -9999 -9999 -9999 -9999 -9999 -9999 -9999 -9999 -9999 -9999 -9999
