old_/env2.asc
NCOLS 265 
NROWS 340 
XLLCORNER -3110163.8955 
YLLCORNER -3147031.214 
CELLSIZE 25000 
NODATA_value -9999 
[rows 72 to 95 of 340, columns 165 to 219 of 265]
0.584257692098618 0.276029874570668 0.481474561616778 0.402205750346184 0.22819768730551 0.0883070768322796 0.0548005821183324 0.0854702517390251 0.0385885573923588 0.0316683056298643 0.0146789998980239 0.042863805545494 -9999 0.00263666245155036 0.0205067121423781 0.0133715568226762 0.0179568999446929 -9999 -9999 -9999 -9999 -9999 -9999 -9999 -9999 -9999 -9999 -9999 -9999 -9999 -9999 -9999 -9999 -9999 -9999 -9999 -9999 -9999 -9999 -9999 -9999 -9999 -9999 -9999 -9999 -9999 -9999 -9999 -9999 -9999 -9999 -9999 -9999 -9999 -9999
0.434019567444921 0.420291131362319 0.443987935781479 0.301974193193018 0.193058746866882 0.168795188888907 0.114996500313282 0.178857125341892 0.121555395890027 0.0596636421978474 0.0917000435292721 0.0827722807880491 -9999 0.0501686277566478 0.0895877382718027 0.165115535259247 0.138608128763735 0.192219126503915 0.0403077942319214 -9999 -9999 -9999 -9999 -9999 -9999 -9999 -9999 -9999 -9999 -9999 -9999 -9999 -9999 -9999 -9999 -9999 -9999 -9999 -9999 -9999 -9999 -9999 -9999 -9999 -9999 -9999 -9999 -9999 -9999 -9999 -9999 -9999 -9999 -9999 -9999
0.511586433276534 0.38344288058579 0.458462376147509 0.223494126461446 0.213225749321282 0.166735871694982 0.194042061455548 0.225183248519897 0.193840752355754 0.174389126244932 0.348300805315375 0.0220719010685571 0.104773148195818 0.128571250475943 0.228613436222076 0.459186553955078 0.489179564639926 0.390355633571744 0.383354186080396 0.514794249087572 -9999 -9999 -9999 -9999 -9999 -9999 -9999 -9999 -9999 -9999 -9999 -9999 -9999 -9999 -9999 -9999 -9999 -9999 -9999 -9999 -9999 -9999 -9999 -9999 -9999 -9999 -9999 -9999 -9999 -9999 -9999 -9999 -9999 -9999 -9999
0.328206805512309 0.418279683217406 0.662051826715469 0.405750442296267 0.29717038013041 0.212502129375935 0.258134813979268 0.236215375363827 0.233724940568209 0.362102931365371 0.160451775416732 0.0743607301265001 0.138616564683616 0.241465377621353 0.408360125496984 0.473463611677289 0.647830635309219 0.578830998390913 0.399532381445169 0.488848386332393 0.415720384567976 0.428175499662757 0.765126866754144 0.223140636458993 -9999 -9999 -9999 -9999 -9999 -9999 -9999 -9999 -9999 -9999 -9999 -9999 -9999 -9999 -9999 -9999 -9999 -9999 -9999 -9999 -9999 -9999 -9999 -9999 -9999 -9999 -9999 -9999 -9999 -9999 -9999
0.566506562754512 0.43465606123209 0.7620106972754 0.429377241060138 0.437805743888021 0.661398164927959 0.537895195186138 0.37748188432306 0.340856693219393 0.156384870875627 0.247224276186898 0.360267438925803 0.3304123878479 0.607710948213935 0.73579004406929 0.639258436858654 0.707769423723221 0.506447192281485 0.664577875286341 0.660346262156963 0.494660574942827 0.563267312943935 0.626629984006286 0.743672057986259 0.550913318991661 -9999 -9999 -9999 -9999 -9999 -9999 -9999 -9999 -9999 -9999 -9999 -9999 -9999 -9999 -9999 -9999 -9999 -9999 -9999 -9999 -9999 -9999 -9999 -9999 -9999 -9999 -9999 -9999 -9999 -9999
0.947744764387608 0.613710187375546 0.537798028672114 0.274185497313738 0.615197703242302 0.340058183297515 0.43193238042295 0.442839240655303 0.243172797840089 0.505195567384362 0.528655430302024 0.78006087988615 0.786057233810425 0.816628895699978 0.946992620825768 0.835405547171831 0.760156203061342 0.617804296314716 0.553596865385771 0.642456065863371 0.54419563524425 0.686532445251942 0.604830124881119 0.506323615089059 0.395165191963315 -9999 -9999 -9999 -9999 -9999 -9999 -9999 -9999 -9999 -9999 -9999 -9999 -9999 -9999 -9999 -9999 -9999 -9999 -9999 -9999 -9999 -9999 -9999 -9999 -9999 -9999 -9999 -9999 -9999 -9999
0.734729008749127 0.790738917887211 0.448561130091548 0.707694303244352 0.482603248208761 0.75535137578845 0.719847626984119 0.25152706168592 0.385328499600291 0.618304241448641 0.690212989225984 0.409723626449704 0.454031616449356 0.684740126132965 0.908510882407427 0.700092442333698 0.655677698552608 0.456461682915688 0.576920002698898 0.489903677254915 0.582116067409515 0.860609060153365 0.835865560919046 0.715864256024361 0.48917442932725 0.441345946863294 0.674485299736261 0.696606628596783 0.543584307655692 -9999 -9999 -9999 -9999 -9999 -9999 -9999 -9999 -9999 -9999 -9999 -9999 -9999 -9999 -9999 -9999 -9999 -9999 -9999 -9999 -9999 -9999 -9999 -9999 -9999 -9999
0.826314389705658 0.687963746488094 0.649833686649799 0.406794000416994 0.427875244989991 0.699690490961075 0.817148622125387 0.578444246202707 0.751283682882786 0.331366941332817 0.248479500412941 0.34336937777698 0.377147816121578 0.581515803933144 0.849365182220936 0.50275987200439 0.393712308257818 0.542270764708519 0.627994187176228 0.677569385617971 0.41016205586493 0.387456001713872 0.539627304300666 0.851325273513794 0.684442611411214 0.606429131701589 0.925759114325047 0.739659424871206 0.62990047968924 0.282842993736267 -9999 -9999 -9999 -9999 -9999 -9999 -9999 -9999 -9999 -9999 -9999 -9999 -9999 -9999 -9999 -9999 -9999 -9999 -9999 -9999 -9999 -9999 -9999 -9999 -9999
0.925906926393509 0.914337817579508 0.788099482655525 0.560684574767947 0.499065993353724 0.795188620686531 0.83512207493186 0.722708486020565 0.51235887221992 0.271473932079971 0.291501127183437 0.313806883990765 0.486182065680623 0.572006247937679 0.870136823505163 0.656107757240534 0.554280813783407 0.28727649897337 0.33056794013828 0.808694995939732 0.906131878495216 0.6796501185745 0.429061122238636 0.432963380590081 0.391559740528464 0.539355671033263 0.561710940673947 0.920368187129498 0.739945694804192 -9999 -9999 -9999 -9999 -9999 -9999 -9999 -9999 -9999 -9999 -9999 -9999 -9999 -9999 -9999 -9999 -9999 -9999 -9999 -9999 -9999 -9999 -9999 -9999 -9999 -9999
0.938147373497486 0.946156609803438 0.974330935627222 0.781808368861675 0.58064716681838 0.814104810357094 0.81071937084198 0.395812064409256 0.372895061969757 0.358767928555608 0.40183081291616 0.375968193635345 0.556559003889561 0.743651300668716 0.868354249745607 0.70852392539382 0.672379810363054 0.37066731788218 0.487577989697456 0.868830323219299 0.910203069448471 0.356848306953907 0.186737815849483 0.21972618997097 0.314502876251936 0.36214105039835 0.52938724681735 0.875688932836056 0.77873919159174 -9999 -9999 -9999 -9999 -9999 -9999 -9999 -9999 -9999 -9999 -9999 -9999 -9999 -9999 -9999 -9999 -9999 -9999 -9999 -9999 -9999 -9999 -9999 -9999 -9999 -9999
0.833672441542149 0.803216304630041 0.721596136689186 0.90141885727644 0.724106144160032 0.714068203233182 0.905249897390604 0.427497314289212 0.475094245746732 0.569018200039864 0.535600513219833 0.618116874247789 0.631108686327934 0.858674615621567 0.940067805349827 0.734723247587681 0.777154996991158 0.711838558316231 0.813906628638506 0.90909132361412 0.750107005238533 0.786396484822035 0.386608561500907 0.228030685335398 0.244906380772591 0.529184890910983 0.62275231257081 0.856177981942892 0.664599135518074 -9999 0.955414988100529 -9999 0.911522679030895 0.784539803862572 0.675565045326948 -9999 -9999 -9999 -9999 -9999 -9999 -9999 -9999 -9999 -9999 -9999 -9999 -9999 -9999 -9999 -9999 -9999 -9999 -9999 -9999
0.432763060554862 0.348063312470913 0.428796431981027 0.613085065037012 0.649024376645684 0.678571819327772 0.945264812558889 0.869774185121059 0.528015425428748 0.531479883939028 0.707038823515177 0.801276739686728 0.874022699892521 0.969865188002586 0.86926244199276 0.791954014450312 0.830737493932247 0.552000759169459 0.640374688431621 0.787208680063486 0.873970255255699 0.738836739212275 0.422704499214888 0.39287699945271 0.333359941840172 0.497693758457899 0.642123932018876 0.669686073437333 0.634581105783582 -9999 0.91224792599678 0.981883060187101 0.760088551789522 0.763556011021137 0.63285568729043 0.812262371182442 0.794254187494516 -9999 -9999 -9999 -9999 -9999 -9999 -9999 -9999 -9999 -9999 -9999 -9999 -9999 -9999 -9999 -9999 -9999 -9999
0.232402314431965 0.185175938531756 0.172957625240088 0.138664807192981 0.163663435727358 0.513144304044545 0.969498921185732 0.751427624374628 0.605157438665628 0.570408001542091 0.916957248002291 0.830045007169247 0.862245384603739 0.753418933600187 0.670187134295702 0.655050814151764 0.623348250985146 0.508404120802879 0.708736615255475 0.819170732051134 0.452131366357207 0.799472045153379 0.723463520407677 0.665045741945505 0.641063310205936 0.455508623272181 0.579836500808597 0.684187004342675 0.683881297707558 0.744135074317455 0.955492943525314 0.929761629551649 0.687417371198535 0.771136172115803 0.479158258065581 0.642964437603951 0.642734322696924 0.344134068116546 0.240637693554163 0.472526509314775 0.245025713928044 -9999 -9999 -9999 -9999 -9999 -9999 -9999 -9999 -9999 -9999 -9999 -9999 -9999 -9999
0.263058746233582 0.241876744665205 0.199547809548676 0.174621433950961 0.136023248545825 0.294996626675129 0.786742128431797 0.430702930316329 0.637697633355856 0.752932488918304 0.787779621779919 0.78656056150794 0.678302489221096 0.502324864268303 0.324711005203426 0.540039502084255 0.694125879555941 0.803257938474417 0.647288609296083 0.162045437842607 0.42894500028342 0.333447815850377 0.86426329985261 0.764352075755596 0.610087301582098 0.66131080314517 0.698607254773378 0.295467528980225 0.416650494560599 0.904946301132441 0.994465440511704 0.861503068357706 0.291042119264603 0.467172930017114 0.586956011131406 0.816848799586296 0.790752612054348 0.655012924224138 0.703985869884491 0.716991316527128 0.326328936964273 0.225489879027009 0.0242441743612289 0.0144900002051145 0.0170779745094478 0.0108864903450012 0.015400157077238 -9999 -9999 -9999 -9999 -9999 -9999 -9999 -9999
0.31165630184114 0.21769200079143 0.273211378604174 0.452421946451068 0.197038810700178 0.366946870461106 0.553667629137635 0.480833251029253 0.449748953804374 0.681695863604546 0.752765815705061 0.725707568228245 0.762250695377588 0.709126291796565 0.319389998912811 0.498111700639129 0.452327806502581 0.448560560122132 0.0936690997332335 0.0701309305150062 0.384751306846738 0.729350695386529 0.910081919282675 0.948049947619438 0.953821867704391 0.950661391019821 0.787870820611715 0.693892374634743 0.781672798097134 0.993955194950104 0.952437493950129 0.962098181247711 0.619340756908059 0.642932983115315 0.361891819164157 0.409068807959557 0.570534143596888 0.63353318348527 0.849600326269865 0.729040488600731 0.78822086751461 0.296799492556602 0.29651481565088 0.199294369202107 0.0972003624774516 0.0731914106290787 0.0480165123008192 0.10331062390469 0.163648564368486 0.0879241373040713 0.0108606225112453 -9999 -9999 -9999 -9999
0.227411190979183 0.216655743308365 0.380362566560507 0.474517760798335 0.318839935585856 0.879467818886042 0.538530765101314 0.542822049930692 0.366912875324488 0.550444629043341 0.480677573010325 0.405148128047585 0.525968933477998 0.520376995205879 0.316543692722917 0.261445684358478 0.240847437642515 0.138521117623895 0.105017052264884 0.0917389052920043 0.149213561788201 0.263765563257039 0.850293066352606 0.998653430491686 0.983632117509842 0.852145936340094 0.928002450615168 0.737168878782541 0.917070202529431 0.999608494341373 0.698086239397526 0.707769490778446 0.532762376591563 0.646507851779461 0.616302955895662 0.485770378261805 0.980130758136511 0.984648324549198 0.839689122512937 0.926975063979626 0.874972935765982 0.177458126097918 0.0373714490124257 0.0312277618795633 0.0756066949106753 0.110668906476349 0.11117900069803 0.0530301867984235 0.0523801997769624 0.11488684406504 0.165941810235381 0.0176256000995636 -9999 -9999 -9999
0.296019253320992 0.286494253203273 0.396473007276654 0.283233370631933 0.230245009064674 0.76353320106864 0.627512764185667 0.493684250861406 0.537113811820745 0.12732213223353 0.253138249274343 0.396258244290948 0.35024649463594 0.414267623797059 0.467953749001026 0.26038917992264 0.14032912813127 0.140019523445517 0.0753497700206935 0.0812292993068695 0.110427570994943 0.166246433742344 0.262233064509928 0.779363188892603 0.943446885794401 0.918371517211199 0.711022187024355 0.811091806739569 0.872757691890001 0.990990377962589 0.776481125503778 0.444198496639729 0.30134068056941 0.417231054976583 0.509673492982984 0.446553496643901 0.987422004342079 0.681757438927889 0.486949935555458 0.642758563160896 0.807437181472778 0.174225790426135 0.0321414872305468 0.00361982241156511 0.0014104362562648 0.0471256060991436 0.00213897408684716 0.0093683949962724 0.0318538438295946 0.0298462065984495 0.0534457552712411 0.200796434655786 0.0761796549195424 -9999 -9999
0.311593443155289 0.395010320469737 0.213827939704061 0.183854186907411 0.229687249287963 0.251451683230698 0.538157876580954 0.667281500995159 0.192772435955703 0.100833104457706 0.0953080984763801 0.456769125536084 0.498988186940551 0.441583201289177 0.401592435315251 0.220113193616271 0.171637563966215 0.0943695139139891 0.0761507381685078 0.0591978742741048 0.123033715412021 0.15531718544662 0.163352629169822 0.283597315661609 0.648654140532017 0.739783987402916 0.96814901009202 0.962697684764862 0.73921337351203 0.95137445256114 0.537811927497387 0.327427366748452 0.306137182749808 0.427872126922011 0.557873826473951 0.721734549850225 0.779011573642492 0.669858891516924 0.748074695467949 0.822241190820932 0.418005997315049 0.179055060725659 0.0883033990394324 0.00358528066135477 0.00453844261937775 0.0034497674459999 8.91309828148223e-05 0.00170305812207516 0.00401451873767655 0.0033743972553566 0.00699232683109585 0.0424280564766377 0.0896200006827712 0.318051993846893 -9999
0.239423253573477 0.260514314286411 0.240375686436892 0.214477373287082 0.194648815318942 0.153426188975573 0.760271808132529 0.649174310266972 0.325097065418959 0.0951851024292409 0.113222413230687 0.344956004992127 0.478949686512351 0.559445820748806 0.372179433703423 0.333804626017809 0.141922807786614 0.0924907578155398 0.0563076070975512 0.0499205999076366 0.0996722384588793 0.120346067007631 0.114311230834573 0.186312934849411 0.18608881207183 0.57192774116993 0.833731178194284 0.805952675640583 0.587376311421394 0.427957111038268 0.428668251261115 0.372607678174973 0.367115940898657 0.471369750797749 0.432312689721584 0.798589803278446 0.397875176742673 0.481943123042583 0.466695750132203 0.604265920817852 0.524738512933254 0.195165877230465 0.0705919824540615 0.00205553376872558 0.00726878693967592 0.00462999122100882 0.00250011375464965 0.00143992935772985 0.000449097066848481 0.000616450137385982 0.00146915863274444 0.0193248561117798 0.0243637316161767 0.0696392450481653 0.0795068733859807
0.124650247395039 0.190540815703571 0.364124866202474 0.297139806672931 0.243406877852976 0.175752312876284 0.577595571987331 0.767523482441902 0.572652366012335 0.573634386062622 0.373053000308573 0.272063814103603 0.278101619333029 0.223168566823006 0.224230244755745 0.20032212510705 0.0860947831533849 0.0913103753700852 0.0631431734655052 0.0425742072984576 0.102974443580024 0.0671483632177114 0.0807946505956352 0.0984370955266058 0.0883944265078753 0.144240311812609 0.347342625260353 0.358373437076807 0.267067624256015 0.233722181990743 0.531832877546549 0.681732952594757 0.393940806388855 0.390295745804906 0.391749992966652 0.731280257925391 0.44981730915606 0.366900499910116 0.27810743264854 0.33546900190413 0.317586874589324 0.129901277367026 0.0429521554615349 0.000709466821717797 0.00405881259212038 0.00289070686994819 0.00302169741189573 0.00109004433215887 0.000166814377280389 5.31856867382885e-05 0.000280944634596381 0.00161195064720232 0.00377323185966816 0.00964548875344917 0.0686080609448254
0.348848623223603 0.44407250918448 0.555779568850994 0.477985754609108 0.428395429626107 0.282080377452075 0.649905813857913 0.590610455721617 0.814727261662483 0.770910009741783 0.852287117391825 0.802701119333506 0.697674682363868 0.317559491842985 0.166757870465517 0.128584504825994 0.0645780072081834 0.107078193221241 0.0356109064305201 0.0239843691815622 0.04186486301478 0.0214770432794467 0.0337919946759939 0.0343864124733955 0.0967452074401081 0.112751247826964 0.130601374432445 0.405065566301346 0.196676062420011 0.294857056811452 0.368404055014253 0.508381184190512 0.75940565019846 0.330476686358452 0.414511486887932 0.477171801961958 0.500013619661331 0.227116878144443 0.216482627205551 0.229350691661239 0.131789130624384 0.00755802224739455 0.00391962625144515 0.00119703257041692 0.000592729376876378 0.00272984179900959 0.00193086374201812 0.000713838489900809 0.000220696561882505 3.89795502542256e-05 0.000288776772777055 0.00152474000060465 0.00119910647481447 0.00163356814300641 0.0312077311828034
0.358567129820585 0.500289874151349 0.356893435120583 0.595982447266579 0.646930370479822 0.505912175402045 0.497138449922204 0.913522507995367 0.795032747089863 0.711567364633083 0.893972743302584 0.851766105741263 0.68159369379282 0.634415240958333 0.4363086912781 0.0799850956536829 0.0832309930119663 0.109705385286361 0.0521026632050052 0.0199187626712956 0.010687068104744 0.0175108565017581 0.0335580871906132 0.0443130759522319 0.054901594761759 0.0711448271758854 0.0853294138796628 0.233564250171185 0.19302181340754 0.285426616668701 0.394966617226601 0.432688627392054 0.559172950685024 0.503951257094741 0.476985385641456 0.125714248977602 0.357278440147638 0.304653759114444 0.0974528016522527 0.237130184657872 0.102293100673705 0.0293646561331116 0.00685730207624147 0.000591569374591927 0.000331541684317926 0.000864779945914051 0.000259009600995341 0.000202993748644076 9.76946066657547e-05 1.36378313300156e-05 0.000148984647921679 0.00054129344289322 0.000649782180516922 0.00599420495564118 0.068508165248204
0.103665833827108 0.193158749490976 0.28566343523562 0.300491749309003 0.409308318048716 0.355991197749972 0.797183487564325 0.824362702667713 0.809316489845514 0.868486564606428 0.853916294872761 0.897641502320766 0.587465699762106 0.587047297507524 0.780421201139688 0.2829475030303 0.105407828697935 0.0947663420811296 0.0459939129650593 0.0142560623353347 0.0194780621677637 0.0196460247971117 0.034336025477387 0.0342598430579528 0.033563467557542 0.0560220556799322 0.0580868881661445 0.154975809156895 0.153261933475733 0.268380003981292 0.352608745917678 0.418955117464066 0.595648128539324 0.504260746762156 0.585157329216599 0.54715939052403 0.242500047665089 0.508526800200343 0.411424119025469 0.260453945957124 0.116366993170232 0.0455075680511072 0.0175271573243663 0.000734395385734388 0.000239611431197773 0.00041651981882751 9.2421306135293e-05 5.88218699704157e-05 2.87346687741774e-05 1.76689997601898e-05 0.000113338393475715 0.00306276381888893 0.0135095049918164 0.0244815682526678 0.0213273494737223
0.114497549831867 0.121191999409348 0.0289264440070838 0.237931247800589 0.246880874037743 0.273375622928143 0.749086560681462 0.844149254262447 0.747579321265221 0.821483142673969 0.407447187229991 0.698848880827427 0.381228372454643 0.18010368803516 0.824713326990604 0.336878979578614 0.069075005594641 0.0680135807488114 0.0915211059618741 0.0426268306327984 0.0512925882358104 0.0723831482464448 0.0725484108552337 0.0831709993071854 0.0872721124906093 0.0644318426493555 0.0897914294619113 0.193259374238551 0.243750872090459 0.187150442041457 0.314265315420926 0.471878686919808 0.425020929425955 0.436162067577243 0.456919560208917 0.677962314337492 0.250202814117074 0.421135382726789 0.410942941904068 0.419206431135535 0.157053309492767 0.0332221992430277 0.0122105866030324 0.00161386220133863 0.000389823223940766 0.000233402377489256 4.30200185519425e-05 1.81462744990313e-05 2.42311498936942e-05 0.000233849484175153 0.00293627893552184 0.00105099403845088 0.0087527795258211 0.0138223471003585 0.0165371561888605
