old_/env2.asc
NCOLS 265 
NROWS 340 
XLLCORNER -3110163.8955 
YLLCORNER -3147031.214 
CELLSIZE 25000 
NODATA_value -9999 
[rows 216 to 239 of 340, columns 55 to 109 of 265]
-9999 -9999 -9999 -9999 -9999 -9999 -9999 -9999 -9999 -9999 -9999 -9999 -9999 -9999 -9999 -9999 -9999 -9999 -9999 -9999 -9999 -9999 -9999 -9999 -9999 -9999 -9999 0.00107870012652711 8.72662013762238e-06 7.63278112714261e-07 6.28008631764487e-07 5.41835241563149e-07 4.74971857400419e-07 3.20078936866253e-06 4.77019410638491e-06 2.88016004823533e-07 5.57035615855739e-07 1.25893424929302e-06 2.73411380646849e-07 1.09096699851818e-06 1.5161806118158e-05 9.64191519869928e-06 9.76441367583902e-06 2.01978467089248e-05 9.1784239430126e-05 5.07815498167474e-05 8.54497548061772e-05 0.000307645243083243 0.000324519120113109 0.00152321660061716 0.000737818183552008 4.00821506900684e-05 3.59222436827622e-05 0.000396159281763175 0.000296300390573379
-9999 -9999 -9999 -9999 -9999 -9999 -9999 -9999 -9999 -9999 -9999 -9999 -9999 -9999 -9999 -9999 -9999 -9999 -9999 -9999 -9999 -9999 -9999 -9999 -9999 -9999 -9999 1.40122249376873e-05 0.000378789053684159 1.7324981058664e-05 6.68097480627239e-06 5.90510303766223e-07 4.27253507240266e-07 3.73886464011264e-06 4.62066236650571e-06 3.30772681245151e-07 7.13780263339459e-07 3.67722848082508e-06 1.04784030519056e-06 2.19503732168391e-06 1.2312812430082e-05 8.15705948298273e-06 1.28670561139188e-05 3.28642943259183e-05 0.000106098054857284 6.71953434903116e-05 0.000141661516408931 0.00023626455640624 0.000784689817010076 0.00204965689044911 0.000723821682186099 5.89871497140848e-05 0.000277063062412708 0.000267351169213725 6.14571886217163e-05
-9999 -9999 -9999 -9999 -9999 -9999 -9999 -9999 -9999 -9999 -9999 -9999 -9999 -9999 -9999 -9999 -9999 -9999 -9999 -9999 -9999 -9999 -9999 -9999 -9999 -9999 -9999 -9999 0.000359224633939448 1.17487489283974e-05 3.52741831477488e-06 2.57360162336795e-06 5.00753827736844e-07 7.84936881359499e-06 5.39576384994689e-06 3.28873126065332e-07 5.19231322826386e-07 8.93631866460964e-06 1.95173478267918e-06 4.31769386466385e-06 6.58630742123023e-06 5.77094183995541e-06 1.14789075098543e-05 2.13843122764956e-05 7.98267960817611e-05 0.000150625602145738 0.000459686477370269 0.00027223694632994 0.000702179959262139 0.00181934388820082 0.000364011556939658 2.91566869918825e-05 6.60187008634239e-05 3.23914002819947e-05 0.000218508687794383
-9999 -9999 -9999 -9999 -9999 -9999 -9999 -9999 -9999 -9999 -9999 -9999 -9999 -9999 -9999 -9999 -9999 -9999 -9999 -9999 -9999 -9999 -9999 -9999 -9999 -9999 -9999 -9999 0.000261600234125581 2.05276501219487e-05 1.39822125220235e-05 1.03081382150094e-05 5.85023823163056e-07 6.18076013125801e-06 1.15163096836568e-06 3.85417904702479e-06 5.03244814709092e-07 3.46476666379658e-05 5.98030246123926e-06 3.85753135390132e-06 5.29096612922331e-06 4.18713079852751e-06 3.142031829384e-06 1.78873322624895e-05 6.45269246888347e-05 0.000172654067682743 0.000238922727021418 0.00030169275123626 0.000659618819554453 0.000109118619093351 7.30538388324931e-05 0.000356887972884579 0.000103558184946451 0.000274772796728939 0.000173025109234004
-9999 -9999 -9999 -9999 -9999 -9999 -9999 -9999 -9999 -9999 -9999 -9999 -9999 -9999 -9999 -9999 -9999 -9999 -9999 -9999 -9999 -9999 -9999 -9999 -9999 -9999 -9999 -9999 4.79991425379467e-05 9.31822414429462e-06 1.09866582533868e-05 5.398610610996e-06 1.78125539918028e-06 9.73698027451064e-06 8.98835571661039e-06 7.28249174386519e-06 4.04261499653558e-06 2.79223061170342e-05 1.69785787704768e-05 3.99612315504783e-06 4.09613363672179e-06 4.72509003657251e-06 4.63640178693936e-07 1.39169249564475e-05 0.00010736948684098 0.000148038475344947 9.20257855341333e-05 0.000279198645557699 0.000163684895142069 3.94394054410441e-05 0.000114812129368147 0.000697061379810293 3.39136751108526e-05 7.53165249989252e-05 0.000119656195238349
-9999 -9999 -9999 -9999 -9999 -9999 -9999 -9999 -9999 -9999 -9999 -9999 -9999 -9999 -9999 -9999 -9999 -9999 -9999 -9999 -9999 -9999 -9999 -9999 -9999 -9999 -9999 3.40144746360238e-05 7.89197821404741e-06 6.00083070878554e-06 1.37757315314957e-05 3.71586028080628e-06 1.43591783086094e-06 1.01362355735546e-05 7.67021376191224e-06 2.52829687497069e-06 3.7169305869611e-05 2.49347377803133e-05 5.1101229928463e-05 1.89898479732165e-05 1.81806408505736e-06 3.72791312486243e-06 3.37299901076449e-06 7.84366013562021e-06 8.80192560543946e-05 9.2533793349503e-05 4.03941689341991e-05 7.14427453658573e-05 0.000183656936314947 9.49683465023554e-05 0.000275710191090184 0.000621998260157852 4.1517724298501e-05 9.49018567553139e-05 7.30098763597198e-05
-9999 -9999 -9999 -9999 -9999 -9999 -9999 -9999 -9999 -9999 -9999 -9999 -9999 -9999 -9999 -9999 -9999 -9999 -9999 -9999 -9999 -9999 -9999 -9999 -9999 -9999 -9999 0.00227321247803047 2.99697250056852e-05 0.000378314674435387 3.37828499823445e-05 9.52580603552633e-05 1.50950249491189e-05 3.36989107196928e-06 7.6240282425033e-06 1.11248282053111e-06 2.0526800483367e-05 3.88173074270526e-05 5.85957061502995e-05 4.60385441556355e-05 6.24723693931628e-06 6.00179200205275e-06 6.64817557094466e-06 3.10248046275774e-06 0.000105789973758874 1.48328339264481e-05 4.7119406190177e-05 0.000257851439528167 0.000428927191023831 0.000158388375893992 0.000142573249831912 0.00026663074913813 0.000219375564938673 7.13577924216224e-05 9.54212059696147e-05
-9999 -9999 -9999 -9999 -9999 -9999 -9999 -9999 -9999 -9999 -9999 -9999 -9999 -9999 -9999 -9999 -9999 -9999 -9999 -9999 -9999 -9999 -9999 -9999 -9999 -9999 -9999 0.00148854251347075 0.000564460189707461 0.000660436930047581 0.000135595999836369 6.52547121262614e-05 1.2103633167726e-05 1.23233928661648e-06 5.34900625837054e-06 1.2698338331063e-05 2.18873872768199e-05 0.000105740210074146 0.000107228129763826 6.16055539239824e-05 4.8753392896117e-06 6.11656258797666e-06 1.45914312383866e-05 1.92718749758569e-05 4.7784592879907e-05 1.72314315420863e-05 6.69091315330661e-05 0.000191563191947353 0.000651412316074129 0.000349269679645658 0.000146892497468798 0.00037935819455015 0.000672785332426429 0.000564884598588833 0.000134145790070761
-9999 -9999 -9999 -9999 -9999 -9999 -9999 -9999 -9999 -9999 -9999 -9999 -9999 -9999 -9999 -9999 -9999 -9999 -9999 -9999 -9999 -9999 -9999 -9999 -9999 -9999 -9999 0.00362371232881742 0.000846257305965992 4.1664022404575e-05 5.27948313333582e-06 6.7133179868506e-06 2.07256498896413e-06 1.11488942167171e-06 2.73342082124373e-06 7.70677807793163e-07 1.80812303938183e-05 9.70284881987027e-05 0.00016952941132331 5.57397197553655e-05 1.14035575222715e-05 4.12730400967121e-06 9.96553501408926e-06 1.68228874599663e-05 3.69515884131033e-05 4.84146743247038e-05 0.000107128882177676 0.000179468564510898 0.000227156808250584 0.000259216441918397 0.00027054655856773 0.000136442247139712 4.08177752433403e-05 9.08494880604849e-05 0.000100369269148359
-9999 -9999 -9999 -9999 -9999 -9999 -9999 -9999 -9999 -9999 -9999 -9999 -9999 -9999 -9999 -9999 -9999 -9999 -9999 -9999 -9999 -9999 -9999 -9999 -9999 -9999 -9999 8.79913347944239e-05 0.00297520406093099 9.92488906490507e-05 7.74027936927268e-05 0.000199243502720492 3.23683923397766e-05 9.38616672385706e-07 7.02759520265772e-06 3.5831891302962e-06 4.91611383495183e-05 0.000192333508493903 9.69265302046551e-05 6.09346443525283e-05 1.83533872473163e-05 7.25870483364588e-06 8.55945137345771e-06 1.70697003341047e-05 2.49964409135828e-05 1.99334522221761e-05 1.58373061083239e-05 0.000129060903873324 0.00014940787696105 0.000300569555292896 0.000353350995283108 0.000441693755419692 4.35984554769675e-05 6.17558059730072e-05 8.92920102160133e-05
-9999 -9999 -9999 -9999 -9999 -9999 -9999 -9999 -9999 -9999 -9999 -9999 -9999 -9999 -9999 -9999 -9999 -9999 -9999 -9999 -9999 -9999 -9999 -9999 -9999 -9999 -9999 0.000226598724111682 0.0071337625849992 0.000205653824650653 0.000101152957881823 0.000110748521137793 4.26271563469527e-06 8.57873695281341e-06 9.99417402169911e-07 2.44975201724174e-06 9.23961921444061e-05 0.000155960472298489 1.78827008596727e-05 3.84659307428592e-05 1.71273250657578e-05 1.32831310111214e-05 6.70833581750685e-06 4.64187753124179e-06 1.62116279938118e-05 6.41616609300399e-05 2.69740539806662e-05 0.000131100870476075 0.000165672935509065 0.000387475432944484 0.000397269697714364 0.000486206818095525 0.000738237002224196 9.97435299723293e-05 7.24780525160895e-05
-9999 -9999 -9999 -9999 -9999 -9999 -9999 -9999 -9999 -9999 -9999 -9999 -9999 -9999 -9999 -9999 -9999 -9999 -9999 -9999 -9999 -9999 -9999 -9999 -9999 -9999 -9999 0.000734234335141082 0.00069268794504751 0.000356592812750023 0.000870358659085468 0.000202925901419349 1.51751808630252e-06 2.40634356529768e-06 7.17050067322589e-07 3.03779744825761e-06 0.000117141492182782 7.53282550931544e-05 9.11350997512272e-06 4.88021499904789e-05 3.4934926020469e-05 9.40312162356349e-06 5.39295687218555e-06 1.2342706270374e-06 2.43376997843825e-06 4.78336448850314e-05 0.000127674358054719 0.000134778966639715 0.00028467112861108 0.000449099437901168 0.000394740995034226 0.000573380264540901 0.000654466737614712 0.00010038674236057 7.34752434254915e-05
-9999 -9999 -9999 -9999 -9999 -9999 -9999 -9999 -9999 -9999 -9999 -9999 -9999 -9999 -9999 -9999 -9999 -9999 -9999 -9999 -9999 -9999 -9999 -9999 -9999 -9999 0.0121556314697955 0.000283626380223723 0.00325011560926214 0.000518895121786045 0.00183795417979127 3.07348041417299e-05 2.15994752039705e-06 8.04557561906449e-07 1.0676542885335e-06 6.41968127723658e-06 0.000108364725292631 5.23442247413186e-05 0.000130917066599068 3.39584495918643e-05 0.000108118644675415 4.07171489200664e-05 2.01312872150083e-05 1.84826759266343e-05 2.13430811157878e-06 1.77904320111111e-05 0.000108671500584023 0.000210694995075755 0.000363751505574328 0.000258631939686893 0.000375058623831137 0.000618664496869314 0.000198407927427979 8.15703510852472e-05 8.25189313218289e-05
-9999 -9999 -9999 -9999 -9999 -9999 -9999 -9999 -9999 -9999 -9999 -9999 -9999 -9999 -9999 -9999 -9999 -9999 -9999 -9999 -9999 -9999 -9999 -9999 -9999 -9999 0.000434620053056278 0.000514853019012662 0.00279030749516096 0.00269048318295972 0.00129670250680647 1.69643990943769e-05 2.59424555792975e-06 1.37771868580217e-06 1.29613503219161e-06 5.71271937133133e-05 1.47889750792274e-05 1.49713627592973e-05 2.56337001474094e-05 0.000182557263087801 0.000117172176487657 2.93040811243372e-05 2.85617189774712e-05 1.78874302037002e-05 2.66380315849801e-06 4.31241379317271e-06 0.000112221903634691 0.000283523937468999 0.000262691813077254 0.000244866500906937 0.000170954000168422 0.000658942430163734 0.000259320437180577 7.33712518012908e-05 9.6466031664022e-05
-9999 -9999 -9999 -9999 -9999 -9999 -9999 -9999 -9999 -9999 -9999 -9999 -9999 -9999 -9999 -9999 -9999 -9999 -9999 -9999 -9999 -9999 -9999 -9999 -9999 -9999 0.00450653982807125 5.9411699339762e-05 0.000697355736519967 0.000936135125812143 0.000881923657289008 8.60004377045698e-06 1.63336998326713e-06 1.79332191407866e-06 1.36757940083498e-06 2.54175448048954e-05 1.181950449336e-05 4.08881188604937e-05 0.0001659226263655 0.000180751389962097 0.000110519574946011 7.89309137871896e-05 3.55053205396416e-05 4.6129038082654e-06 1.62902878884097e-05 8.34334941828274e-05 0.000169599934451981 0.000281054249171575 0.000195892064766667 3.96480187419002e-05 2.99604936344622e-05 0.000364410608653998 0.000205133775125432 8.90179380803602e-05 0.000124916751246928
-9999 -9999 -9999 -9999 -9999 -9999 -9999 -9999 -9999 -9999 -9999 -9999 -9999 -9999 -9999 -9999 -9999 -9999 -9999 -9999 -9999 -9999 -9999 -9999 -9999 0.115658602066105 0.000670538436679635 0.00289330508530838 0.0180694804294035 0.00134439640305573 4.04648135372554e-05 5.17722372705975e-06 7.64246432538584e-06 2.54390936760274e-06 1.7776456289198e-06 2.47557632349071e-05 1.77569367565411e-05 1.76554547408614e-05 0.000245980437284743 6.66043688397622e-05 6.20620753579715e-05 0.000160814856599245 6.14591358498728e-05 5.80513504644387e-06 5.74264493025112e-05 0.000152201815126318 0.000248930055931851 0.000176896498487622 0.000118409876904479 0.000480361612062552 0.000282189375866437 4.1432313309997e-05 0.000132989392113814 0.000108393875507318 0.00013040706380707
-9999 -9999 -9999 -9999 -9999 -9999 -9999 -9999 -9999 -9999 -9999 -9999 -9999 -9999 -9999 -9999 -9999 -9999 -9999 -9999 -9999 -9999 -9999 -9999 -9999 0.0427563968514733 6.73783329148137e-05 0.00369399885130406 0.0159479142748751 0.0145989512752749 3.06680311723539e-05 6.62183690280926e-06 6.5456661815233e-06 2.32332122607204e-06 2.02237428936769e-06 4.43648995940293e-06 4.13393942153562e-05 4.2747430484269e-05 0.000162193400228716 0.000107273439880373 0.000120330645131617 5.45374755347439e-05 4.67621055122436e-05 7.41073666858938e-05 6.35043011243397e-05 0.000218066192246624 0.000165180247677199 0.000165672814546269 9.83681197794795e-05 0.000279246377431264 0.00029744318885605 4.36498194176238e-05 0.000160115063408739 9.89078102975327e-05 0.000142085437801143
-9999 -9999 -9999 -9999 -9999 -9999 -9999 -9999 -9999 -9999 -9999 -9999 -9999 -9999 -9999 -9999 -9999 -9999 -9999 -9999 -9999 -9999 -9999 -9999 -9999 0.0110047822317938 0.000325370064274466 0.001254967530258 0.00926588865695521 0.0109405239627449 2.52670191684956e-05 4.80440597243614e-05 4.70844557298733e-06 2.65873126181759e-06 2.22098438484863e-06 6.19140144664243e-06 1.82317565418089e-05 8.03621137492883e-05 0.000111408918655798 4.67573502191954e-05 0.00010905618569268 2.60910567249084e-05 3.36676430379157e-05 7.393038868031e-05 7.93167944266315e-05 0.000281824931334995 0.000140917548378638 0.000162329441081965 0.000104331389138679 0.000405754823077586 8.26269069875707e-05 0.000190892969612833 8.40160978441418e-05 0.000741381008992903 0.000181346253157244
-9999 -9999 -9999 -9999 -9999 -9999 -9999 -9999 -9999 -9999 -9999 -9999 -9999 -9999 -9999 -9999 -9999 -9999 -9999 -9999 -9999 -9999 -9999 -9999 0.0239778681716416 7.2458687782273e-05 0.00186171695895609 0.000481753568237764 0.00409133437642595 0.00432786338205915 0.000108081881990074 7.5069473041367e-05 1.82072561187852e-05 8.2332338422475e-06 1.59467062843532e-06 1.28977993298918e-05 1.92886498098233e-05 6.22269003542897e-05 8.56297128848382e-05 0.000100254736935312 0.000106802832533504 2.78858932460935e-05 2.59197562400004e-05 7.48569445931935e-05 4.47589998486819e-05 0.000112857180511128 0.000141492934744747 0.000104787049622246 4.46202627699677e-05 0.000179981443693578 0.000172746878433827 5.06178737396112e-05 0.000719297559044207 0.00223986908895313 0.000516424064699095
-9999 -9999 -9999 -9999 -9999 -9999 -9999 -9999 -9999 -9999 -9999 -9999 -9999 -9999 -9999 -9999 -9999 -9999 -9999 -9999 -9999 -9999 -9999 -9999 0.0114159767981619 0.000425824566264055 0.00104051897142199 0.000973811060248408 0.00355030810897006 0.000158924400238902 9.63600755312655e-05 7.21954274922609e-05 2.15194684187736e-05 2.64904880395989e-05 2.07383566674935e-06 1.50699122869469e-06 2.31615059647083e-05 1.97228190472742e-05 5.60120037107481e-05 5.69210312733048e-05 8.51640927521657e-05 2.48066370431843e-05 3.08660867176513e-05 3.75776999135269e-05 0.000102808408428245 4.80397510216335e-05 0.000154971122356073 0.000125951394238655 2.29266187261601e-05 5.54349674075638e-05 0.000246719752340141 7.80215200393286e-05 0.00100936812486907 0.00196185499953572 0.000209726814318856
-9999 -9999 -9999 -9999 -9999 -9999 -9999 -9999 -9999 -9999 -9999 -9999 -9999 -9999 -9999 -9999 -9999 -9999 -9999 -9999 -9999 -9999 -9999 -9999 -9999 0.000841521861730143 0.00332595689906157 0.00123215548956068 0.00237882752117002 3.13557307549672e-05 8.04044370283918e-06 7.34812164182586e-06 1.28475928988792e-05 1.63340440053616e-05 1.6917906236813e-05 2.90089748133937e-06 1.88540809631377e-05 5.74193041984472e-05 2.96444061405055e-05 3.97055680423364e-05 3.46972124134481e-05 2.9062693670312e-05 3.43889491887239e-05 5.05726754909119e-05 0.000175039690475387 3.28822474386925e-05 0.000132502812448365 0.000186807368891095 1.48344314538917e-05 2.05564248290102e-05 0.000175820202287014 4.93672065431383e-05 0.00059920856347162 0.00244342125370167 0.000935781870794017
-9999 -9999 -9999 -9999 -9999 -9999 -9999 -9999 -9999 -9999 -9999 -9999 -9999 -9999 -9999 -9999 -9999 -9999 -9999 -9999 -9999 -9999 -9999 -9999 0.0379521402119281 0.001874749417766 0.00473116748980829 0.00770772676332854 0.000885395132172562 1.47450903114077e-05 8.02602005478548e-06 4.40978135429759e-06 1.45984170956126e-05 1.78107433157493e-05 9.67196825030214e-06 1.14718796453417e-05 9.04901122567026e-06 2.77698746913302e-05 5.45478939102395e-05 3.36023940690211e-05 3.93541006360465e-05 4.20165874857048e-05 3.76928192054038e-05 8.23822010715958e-05 0.000155715627442987 3.25617288865487e-05 0.000100372212727962 9.85116649871998e-05 4.98753627198312e-05 7.85326938057551e-05 3.77424872795018e-05 0.0001532156723556 0.000254252739523508 0.00174921559664654 0.000471655234832724
-9999 -9999 -9999 -9999 -9999 -9999 -9999 -9999 -9999 -9999 -9999 -9999 -9999 -9999 -9999 -9999 -9999 -9999 -9999 -9999 -9999 -9999 -9999 0.155445424839854 0.0035266700288048 0.00102679325209465 0.00731056695804 0.00477091383072548 0.0005939350198787 1.15694905957753e-05 3.66854312972009e-06 4.60052369533059e-06 4.13612992815615e-05 2.71851497757325e-06 1.85569874133762e-06 6.96338825889598e-06 2.83337934661176e-05 3.12157999360352e-05 1.58878938805174e-05 3.3679468401715e-05 2.57572060036182e-05 3.05316932553978e-05 3.38286370151764e-05 5.44301935860858e-05 0.00012183802527943 7.18739570402249e-05 0.000120353438433085 0.000124998688079359 0.000145342501127743 0.000412929375670501 0.000444488008724875 0.000235068024153406 8.46311835402958e-05 0.0005175104324735 0.00137045892188326
-9999 -9999 -9999 -9999 -9999 -9999 -9999 -9999 -9999 -9999 -9999 -9999 -9999 -9999 -9999 -9999 -9999 -9999 -9999 -9999 -9999 -9999 -9999 0.0929302010626998 0.0467403676593676 0.0286489271602477 0.108479150105268 0.0209948537667515 0.000704464835052931 1.13036919628939e-05 5.22640252142992e-06 1.25770067000985e-05 2.03904096878205e-05 1.21824112966351e-05 6.87167184310056e-06 1.13813409825525e-05 5.90331499950025e-06 9.94135720588929e-06 6.80224604820978e-05 7.98677576767659e-05 3.8763324937463e-05 3.00993755786294e-06 9.59038908376897e-06 4.78834131172334e-05 0.000169743386550181 0.000295789739084285 0.000224749562221405 0.000114196249796805 0.000113607748517097 0.000160565377427702 0.000244889558416617 0.000243398808379425 0.000498544868605677 0.00138082967168884 0.00129745969024953
